0.000000  0.122931
0.001059  0.186486
0.002117  0.134016
0.003176  0.192325
0.004234  0.151845
0.005293  0.159037
0.006351  0.163574
0.007410  0.132904
0.008468  0.111866
0.009527  0.125783
0.010586  0.134298
0.011644  0.132885
0.012703  0.144406
0.013761  0.134884
0.014820  0.143770
0.015879  0.146377
0.016937  0.135910
0.017996  0.148047
0.019054  0.124683
0.020113  0.141752
0.021171  0.138486
0.022229  0.156031
0.023288  0.156656
0.024346  0.164643
0.025405  0.143946
0.026464  0.167755
0.027522  0.165570
0.028581  0.180064
0.029639  0.171375
0.030698  0.181906
0.031757  0.164532
0.032815  0.171084
0.033874  0.164320
0.034932  0.173123
0.035991  0.170752
0.037049  0.181290
0.038108  0.168136
0.039166  0.177235
0.040225  0.185315
0.041283  0.175999
0.042342  0.179917
0.043400  0.190947
0.044459  0.186970
0.045517  0.193518
0.046576  0.190703
0.047635  0.182545
0.048693  0.193932
0.049752  0.191996
0.050810  0.193528
0.051869  0.200385
0.052927  0.199757
0.053986  0.203875
0.055044  0.204861
0.056103  0.204171
0.057161  0.208000
0.058220  0.222508
0.059278  0.219437
0.060337  0.213037
0.061396  0.215216
0.062454  0.223375
0.063513  0.213406
0.064571  0.220970
0.065630  0.230717
0.066688  0.235660
0.067747  0.218921
0.068806  0.238244
0.069864  0.237755
0.070923  0.235338
0.071981  0.235837
0.073040  0.249393
0.074098  0.239628
0.075157  0.245447
0.076215  0.246459
0.077274  0.253778
0.078332  0.251901
0.079391  0.246413
0.080449  0.252818
0.081508  0.264595
0.082567  0.251503
0.083625  0.271014
0.084684  0.266008
0.085742  0.273431
0.086801  0.261707
0.087859  0.285272
0.088918  0.269161
0.089976  0.278057
0.091035  0.273795
0.092093  0.278361
0.093152  0.282322
0.094210  0.276388
0.095269  0.286880
0.096327  0.289419
0.097386  0.283820
0.098445  0.294380
0.099503  0.288992
0.100562  0.274937
0.101620  0.287643
0.102679  0.293667
0.103738  0.297408
0.104796  0.297321
0.105854  0.289328
0.106913  0.291784
0.107971  0.285695
0.109030  0.290329
0.110088  0.298262
0.111147  0.304399
0.112205  0.299211
0.113264  0.292191
0.114323  0.298634
0.115381  0.294764
0.116440  0.312723
0.117498  0.303799
0.118557  0.292136
0.119616  0.297713
0.120674  0.298020
0.121733  0.295709
0.122791  0.310647
0.123850  0.311389
0.124908  0.306887
0.125967  0.305698
0.127025  0.291138
0.128084  0.311637
0.129142  0.309364
0.130201  0.316814
0.131259  0.316061
0.132318  0.314853
0.133377  0.322563
0.134435  0.310695
0.135494  0.327530
0.136552  0.316761
0.137611  0.326815
0.138669  0.329203
0.139728  0.327912
0.140786  0.326964
0.141845  0.316293
0.142903  0.329968
0.143962  0.331255
0.145020  0.324587
0.146079  0.335268
0.147137  0.331919
0.148196  0.319073
0.149255  0.344689
0.150313  0.337016
0.151372  0.342686
0.152430  0.339074
0.153489  0.341832
0.154548  0.339102
0.155606  0.330027
0.156665  0.338182
0.157723  0.341534
0.158782  0.347494
0.159840  0.348274
0.160898  0.338430
0.161957  0.338435
0.163015  0.340189
0.164074  0.342542
0.165133  0.354676
0.166191  0.344037
0.167250  0.346004
0.168308  0.345454
0.169367  0.344535
0.170426  0.353740
0.171484  0.352928
0.172543  0.343121
0.173601  0.355416
0.174660  0.350603
0.175718  0.352036
0.176777  0.366972
0.177835  0.371758
0.178894  0.360904
0.179952  0.361142
0.181011  0.359571
0.182069  0.355721
0.183128  0.370267
0.184187  0.365356
0.185245  0.368757
0.186304  0.368023
0.187362  0.368829
0.188421  0.367360
0.189479  0.371734
0.190538  0.361189
0.191596  0.371595
0.192655  0.364170
0.193713  0.378441
0.194772  0.361855
0.195830  0.382679
0.196889  0.366581
0.197947  0.381491
0.199006  0.378964
0.200065  0.378069
0.201123  0.381391
0.202182  0.351557
0.203240  0.401029
0.204299  0.379384
0.205358  0.394192
0.206416  0.371468
0.207475  0.379163
0.208533  0.396052
0.209592  0.383885
0.210650  0.370732
0.211709  0.380304
0.212767  0.386050
0.213826  0.358368
0.214884  0.376865
0.215943  0.415437
0.217001  0.382426
0.218060  0.376981
0.219118  0.370125
0.220177  0.365978
0.221236  0.382797
0.222294  0.388319
0.223353  0.379436
0.224411  0.387294
0.225470  0.406615
0.226528  0.383896
0.227587  0.389141
0.228645  0.394534
0.229704  0.383481
0.230762  0.371510
0.231821  0.369330
0.232879  0.378997
0.233938  0.363312
0.234996  0.376931
0.236055  0.364812
0.237114  0.412535
0.238172  0.389912
0.239231  0.386031
0.240289  0.359449
0.241348  0.386557
0.242407  0.392873
0.243465  0.371899
0.244523  0.363376
0.245582  0.389111
0.246640  0.375605
0.247699  0.387446
0.248757  0.370567
0.249816  0.391048
0.250875  0.388527
0.251933  0.369296
0.252992  0.406282
0.254050  0.407403
0.255109  0.426932
0.256168  0.397191
0.257226  0.405300
0.258285  0.412975
0.259343  0.413339
0.260402  0.434340
0.261460  0.415123
0.262519  0.349782
0.263577  0.360898
0.264636  0.382101
0.265694  0.395455
0.266753  0.357982
0.267811  0.441070
0.268870  0.429752
0.269928  0.349282
0.270987  0.400460
0.272046  0.399576
0.273104  0.376379
0.274163  0.390815
0.275221  0.391754
0.276280  0.428903
0.277338  0.401133
0.278397  0.364862
0.279455  0.386883
0.280514  0.358797
0.281572  0.352358
0.282631  0.420817
0.283689  0.375236
0.284748  0.431063
0.285806  0.422858
0.286865  0.399035
0.287923  0.392723
0.290654  0.437790
0.293503  0.439999
0.296353  0.439534
0.299198  0.439789
0.302048  0.441955
0.304898  0.438553
0.307748  0.446476
0.310593  0.443799
0.313443  0.438155
0.316293  0.445210
0.319143  0.446381
0.321992  0.447883
0.324838  0.448460
0.327687  0.448636
0.330537  0.447589
0.333387  0.458049
0.336232  0.456428
0.339082  0.465924
0.341932  0.481635
0.344782  0.499149
0.347632  0.494522
0.350477  0.485815
0.353327  0.480265
0.356176  0.479202
0.359026  0.470489
0.361871  0.459158
0.364721  0.456896
0.367571  0.456625
0.370421  0.456309
0.373271  0.456496
0.376116  0.458249
0.378966  0.458973
0.381816  0.453147
0.384665  0.454207
0.387510  0.457564
0.390360  0.454226
0.393210  0.460644
0.396060  0.461963
0.398910  0.465012
0.401755  0.461353
0.404605  0.463743
0.407455  0.464577
0.410305  0.463175
0.413150  0.463161
0.415999  0.463361
0.418849  0.467396
0.421699  0.463418
0.424544  0.468996
0.427394  0.470583
0.430244  0.468357
0.433094  0.470737
0.435944  0.473070
0.438789  0.478154
0.441639  0.480449
0.444488  0.484731
0.447338  0.489141
0.450183  0.499905
0.453033  0.531377
0.455883  0.539661
0.458733  0.548157
0.461583  0.530652
0.464428  0.542000
0.467278  0.538640
0.470128  0.537261
0.472977  0.537028
0.475823  0.526409
0.478672  0.534297
0.481522  0.515254
0.484372  0.511721
0.487222  0.519929
0.490067  0.508687
0.492917  0.519725
0.495767  0.513374
0.498617  0.498121
0.501462  0.490205
0.504312  0.498908
0.507161  0.491114
0.510011  0.492624
0.512856  0.489338
0.515706  0.480361
0.518556  0.489040
0.521406  0.479788
0.524256  0.483264
0.527101  0.472860
0.529951  0.475059
0.532801  0.473976
0.535650  0.475109
0.538495  0.472372
0.541345  0.475808
0.544195  0.466412
0.547045  0.472743
0.549895  0.478555
0.552740  0.474655
0.555590  0.477058
0.558440  0.477343
0.561290  0.478096
0.564135  0.477265
0.566984  0.479389
0.569834  0.475608
0.572684  0.475381
0.575534  0.474051
0.578379  0.476114
0.581229  0.476842
0.584079  0.479415
0.586929  0.477053
0.589774  0.473462
0.592624  0.474777
0.595473  0.476834
0.598323  0.472720
0.601168  0.470227
0.604018  0.466218
0.606868  0.463743
0.609718  0.464124
0.612568  0.466274
0.615413  0.464805
0.618263  0.475064
0.621113  0.475654
0.623962  0.471694
0.626808  0.473212
0.629657  0.475039
0.632507  0.479290
0.635357  0.475134
0.638207  0.469696
0.641052  0.477370
0.643902  0.475191
0.646752  0.477901
0.649602  0.477574
0.652447  0.485706
0.655297  0.479408
0.658146  0.487626
0.660996  0.480883
0.663846  0.485648
0.666691  0.475799
0.669541  0.485125
0.672391  0.487070
0.675241  0.477621
0.678086  0.484873
0.680936  0.473720
0.683786  0.503771
0.686635  0.486991
0.689485  0.487517
0.692330  0.492282
0.695180  0.494334
0.698030  0.485065
0.700880  0.490440
0.703725  0.484902
0.706575  0.493260
0.709425  0.489399
0.712275  0.482930
0.715120  0.466473
0.717969  0.453333
0.720819  0.458709
0.723669  0.461366
0.726519  0.471271
0.729364  0.461746
0.732214  0.464007
0.735064  0.453223
0.737914  0.454462
0.740759  0.449510
0.743609  0.459828
0.746458  0.462254
0.749308  0.453745
0.752158  0.462240
0.755003  0.472614
0.757853  0.477382
0.760703  0.471539
0.763553  0.468399
0.766398  0.476570
0.769248  0.472981
0.772098  0.464509
0.774947  0.467626
0.777797  0.475769
0.780642  0.470139
0.783492  0.473492
0.786342  0.467776
0.789192  0.470443
0.792037  0.472494
0.794887  0.461650
0.797737  0.464980
0.800587  0.464945
0.803432  0.465872
0.806282  0.457607
0.809131  0.455906
0.811981  0.460964
0.814831  0.449888
0.817676  0.443376
0.820526  0.429925
0.823376  0.426885
0.826226  0.420554
0.829071  0.417733
0.831921  0.420631
0.834771  0.424081
0.837620  0.418726
0.840470  0.425553
0.843315  0.436453
0.846165  0.426836
0.849015  0.436235
0.851865  0.426818
0.854710  0.430806
0.857560  0.432377
0.860410  0.429361
0.863260  0.425712
0.866109  0.427549
0.868954  0.411621
0.871804  0.397922
0.874654  0.367709
0.877504  0.344417
0.880349  0.320994
0.883199  0.297677
0.886049  0.285576
0.888899  0.294931
0.891749  0.294124
0.894594  0.308205
0.897443  0.307812
0.900293  0.300176
0.903143  0.293000
0.905988  0.283502
0.908838  0.284267
0.911688  0.286734
0.914538  0.289812
0.917383  0.286030
0.920233  0.290563
0.923083  0.283331
0.925932  0.273835
0.928782  0.277510
0.931627  0.275947
0.934477  0.283788
0.937327  0.279407
0.940177  0.289572
0.943022  0.284229
0.945872  0.278576
0.948722  0.278466
0.951572  0.276807
0.954421  0.274816
0.957267  0.278010
0.960116  0.272298
0.962966  0.268771
0.965816  0.265267
0.968661  0.255306
0.971511  0.243739
0.974361  0.228468
0.977211  0.230084
0.980061  0.220418
0.982906  0.237304
0.985756  0.260222
0.988605  0.243928
0.991455  0.248107
0.994300  0.269412
0.997150  0.273896
1.000000  0.267134
