0.000000  0.149906
0.001059  0.150367
0.002117  0.169846
0.003176  0.149281
0.004234  0.120962
0.005293  0.168498
0.006351  0.181057
0.007410  0.143649
0.008468  0.151427
0.009527  0.146426
0.010586  0.132556
0.011644  0.134831
0.012703  0.133419
0.013761  0.133933
0.014820  0.150700
0.015879  0.143362
0.016937  0.142835
0.017996  0.152020
0.019054  0.163192
0.020113  0.148319
0.021171  0.157538
0.022229  0.153699
0.023288  0.161699
0.024346  0.171478
0.025405  0.179316
0.026464  0.170291
0.027522  0.179998
0.028581  0.181456
0.029639  0.170434
0.030698  0.179128
0.031757  0.177391
0.032815  0.185354
0.033874  0.187120
0.034932  0.189935
0.035991  0.186180
0.037049  0.191466
0.038108  0.191760
0.039166  0.189046
0.040225  0.194507
0.041283  0.192649
0.042342  0.197654
0.043400  0.199870
0.044459  0.202676
0.045517  0.203503
0.046576  0.202549
0.047635  0.208500
0.048693  0.202809
0.049752  0.210528
0.050810  0.212804
0.051869  0.216664
0.052927  0.216128
0.053986  0.226515
0.055044  0.225073
0.056103  0.224099
0.057161  0.218834
0.058220  0.226196
0.059278  0.224857
0.060337  0.231217
0.061396  0.242029
0.062454  0.238840
0.063513  0.243097
0.064571  0.237828
0.065630  0.238824
0.066688  0.248083
0.067747  0.246689
0.068806  0.251151
0.069864  0.248164
0.070923  0.263647
0.071981  0.256180
0.073040  0.277409
0.074098  0.263151
0.075157  0.277446
0.076215  0.262144
0.077274  0.269562
0.078332  0.272397
0.079391  0.277188
0.080449  0.281568
0.081508  0.284044
0.082567  0.283781
0.083625  0.285107
0.084684  0.283019
0.085742  0.293467
0.086801  0.282709
0.087859  0.299470
0.088918  0.297533
0.089976  0.294439
0.091035  0.290431
0.092093  0.311174
0.093152  0.301136
0.094210  0.322130
0.095269  0.310816
0.096327  0.320466
0.097386  0.306679
0.098445  0.309260
0.099503  0.313186
0.100562  0.310677
0.101620  0.318644
0.102679  0.326920
0.103738  0.324849
0.104796  0.321678
0.105854  0.331605
0.106913  0.328337
0.107971  0.324538
0.109030  0.327683
0.110088  0.332400
0.111147  0.328277
0.112205  0.316984
0.113264  0.333673
0.114323  0.337757
0.115381  0.323694
0.116440  0.332084
0.117498  0.333235
0.118557  0.349173
0.119616  0.333113
0.120674  0.345535
0.121733  0.323410
0.122791  0.345982
0.123850  0.332096
0.124908  0.339819
0.125967  0.334311
0.127025  0.341952
0.128084  0.344301
0.129142  0.353009
0.130201  0.343108
0.131259  0.347200
0.132318  0.352274
0.133377  0.358112
0.134435  0.355727
0.135494  0.360387
0.136552  0.355386
0.137611  0.368307
0.138669  0.360804
0.139728  0.356395
0.140786  0.363882
0.141845  0.360802
0.142903  0.369546
0.143962  0.360923
0.145020  0.358220
0.146079  0.350563
0.147137  0.362028
0.148196  0.359304
0.149255  0.370707
0.150313  0.370457
0.151372  0.384636
0.152430  0.376887
0.153489  0.382411
0.154548  0.370152
0.155606  0.375251
0.156665  0.372326
0.157723  0.375046
0.158782  0.392077
0.159840  0.377860
0.160898  0.382183
0.161957  0.381960
0.163015  0.383868
0.164074  0.390152
0.165133  0.403826
0.166191  0.392135
0.167250  0.399400
0.168308  0.408132
0.169367  0.385923
0.170426  0.398593
0.171484  0.386123
0.172543  0.398177
0.173601  0.389482
0.174660  0.400668
0.175718  0.413815
0.176777  0.391930
0.177835  0.412432
0.178894  0.402411
0.179952  0.407241
0.181011  0.402359
0.182069  0.397629
0.183128  0.404874
0.184187  0.399196
0.185245  0.412721
0.186304  0.408118
0.187362  0.420059
0.188421  0.404569
0.189479  0.409344
0.190538  0.410826
0.191596  0.415040
0.192655  0.425836
0.193713  0.428422
0.194772  0.415198
0.195830  0.402942
0.196889  0.425066
0.197947  0.405568
0.199006  0.418080
0.200065  0.421557
0.201123  0.413614
0.202182  0.403001
0.203240  0.429175
0.204299  0.424963
0.205358  0.418831
0.206416  0.406756
0.207475  0.437332
0.208533  0.418176
0.209592  0.428853
0.210650  0.409139
0.211709  0.427695
0.212767  0.439014
0.213826  0.424027
0.214884  0.415488
0.215943  0.423216
0.217001  0.415550
0.218060  0.421069
0.219118  0.414943
0.220177  0.437351
0.221236  0.400963
0.222294  0.419660
0.223353  0.414088
0.224411  0.418236
0.225470  0.439413
0.226528  0.421466
0.227587  0.447377
0.228645  0.458835
0.229704  0.429664
0.230762  0.427167
0.231821  0.422114
0.232879  0.440441
0.233938  0.418484
0.234996  0.448407
0.236055  0.436535
0.237114  0.437387
0.238172  0.426162
0.239231  0.434235
0.240289  0.435929
0.241348  0.457768
0.242407  0.420790
0.243465  0.419248
0.244523  0.436072
0.245582  0.430113
0.246640  0.437943
0.247699  0.433343
0.248757  0.419705
0.249816  0.429957
0.250875  0.427924
0.251933  0.413261
0.252992  0.420401
0.254050  0.424739
0.255109  0.458326
0.256168  0.461039
0.257226  0.366929
0.258285  0.429024
0.259343  0.456156
0.260402  0.474181
0.261460  0.380773
0.262519  0.432805
0.263577  0.486478
0.264636  0.452623
0.265694  0.371493
0.266753  0.458391
0.267811  0.473296
0.268870  0.445138
0.269928  0.485205
0.270987  0.473146
0.272046  0.464859
0.273104  0.430082
0.274163  0.423836
0.275221  0.429392
0.276280  0.477303
0.277338  0.445828
0.278397  0.459542
0.279455  0.469225
0.280514  0.422477
0.281572  0.417091
0.282631  0.411468
0.283689  0.475959
0.284748  0.426167
0.285806  0.432434
0.286865  0.447327
0.287923  0.446027
0.290654  0.482829
0.293503  0.479362
0.296353  0.479505
0.299198  0.482429
0.302048  0.483316
0.304898  0.486904
0.307748  0.486071
0.310593  0.492767
0.313443  0.484730
0.316293  0.489032
0.319143  0.489721
0.321992  0.486260
0.324838  0.486370
0.327687  0.489142
0.330537  0.490483
0.333387  0.493195
0.336232  0.496707
0.339082  0.493358
0.341932  0.496388
0.344782  0.518687
0.347632  0.531882
0.350477  0.519297
0.353327  0.515684
0.356176  0.521276
0.359026  0.512441
0.361871  0.507747
0.364721  0.502646
0.367571  0.494049
0.370421  0.501422
0.373271  0.501066
0.376116  0.502664
0.378966  0.500667
0.381816  0.502746
0.384665  0.507750
0.387510  0.505888
0.390360  0.505673
0.393210  0.502784
0.396060  0.502816
0.398910  0.504647
0.401755  0.508586
0.404605  0.506661
0.407455  0.504995
0.410305  0.505765
0.413150  0.510767
0.415999  0.507492
0.418849  0.509016
0.421699  0.507718
0.424544  0.508431
0.427394  0.509635
0.430244  0.512966
0.433094  0.511542
0.435944  0.512055
0.438789  0.511584
0.441639  0.512794
0.444488  0.516434
0.447338  0.514410
0.450183  0.513483
0.453033  0.533299
0.455883  0.563125
0.458733  0.555749
0.461583  0.539797
0.464428  0.548897
0.467278  0.537124
0.470128  0.543040
0.472977  0.526077
0.475823  0.522163
0.478672  0.545217
0.481522  0.538943
0.484372  0.522093
0.487222  0.538261
0.490067  0.537071
0.492917  0.537449
0.495767  0.540828
0.498617  0.538376
0.501462  0.542540
0.504312  0.520256
0.507161  0.534999
0.510011  0.524286
0.512856  0.526748
0.515706  0.530588
0.518556  0.529971
0.521406  0.521912
0.524256  0.525006
0.527101  0.513476
0.529951  0.516541
0.532801  0.520647
0.535650  0.514898
0.538495  0.523552
0.541345  0.517738
0.544195  0.518626
0.547045  0.521279
0.549895  0.522018
0.552740  0.517324
0.555590  0.518042
0.558440  0.515950
0.561290  0.522212
0.564135  0.521619
0.566984  0.519728
0.569834  0.519223
0.572684  0.518464
0.575534  0.519161
0.578379  0.522268
0.581229  0.522519
0.584079  0.523912
0.586929  0.517975
0.589774  0.519016
0.592624  0.522386
0.595473  0.519106
0.598323  0.516855
0.601168  0.509476
0.604018  0.505208
0.606868  0.504322
0.609718  0.501654
0.612568  0.509615
0.615413  0.511882
0.618263  0.514916
0.621113  0.515607
0.623962  0.516698
0.626808  0.521472
0.629657  0.515259
0.632507  0.518126
0.635357  0.512636
0.638207  0.515219
0.641052  0.513541
0.643902  0.519094
0.646752  0.513617
0.649602  0.519237
0.652447  0.520024
0.655297  0.520126
0.658146  0.515329
0.660996  0.508142
0.663846  0.500881
0.666691  0.503538
0.669541  0.498217
0.672391  0.502341
0.675241  0.496209
0.678086  0.491154
0.680936  0.500768
0.683786  0.502149
0.686635  0.500238
0.689485  0.491503
0.692330  0.504619
0.695180  0.500556
0.698030  0.505560
0.700880  0.508702
0.703725  0.501438
0.706575  0.507468
0.709425  0.502348
0.712275  0.491847
0.715120  0.484037
0.717969  0.486787
0.720819  0.464430
0.723669  0.478550
0.726519  0.482721
0.729364  0.481999
0.732214  0.488046
0.735064  0.479658
0.737914  0.467486
0.740759  0.475755
0.743609  0.475392
0.746458  0.485011
0.749308  0.484751
0.752158  0.503518
0.755003  0.499161
0.757853  0.496274
0.760703  0.500556
0.763553  0.487131
0.766398  0.490648
0.769248  0.505664
0.772098  0.507349
0.774947  0.516944
0.777797  0.513108
0.780642  0.508876
0.783492  0.511111
0.786342  0.504036
0.789192  0.503957
0.792037  0.506619
0.794887  0.510900
0.797737  0.512946
0.800587  0.506407
0.803432  0.502267
0.806282  0.503988
0.809131  0.498986
0.811981  0.504380
0.814831  0.497982
0.817676  0.494865
0.820526  0.482009
0.823376  0.465219
0.826226  0.457000
0.829071  0.453155
0.831921  0.467763
0.834771  0.464599
0.837620  0.459519
0.840470  0.468959
0.843315  0.471256
0.846165  0.463872
0.849015  0.463760
0.851865  0.463465
0.854710  0.463352
0.857560  0.456350
0.860410  0.463069
0.863260  0.464416
0.866109  0.455775
0.868954  0.446765
0.871804  0.421909
0.874654  0.397979
0.877504  0.367389
0.880349  0.344600
0.883199  0.324592
0.886049  0.316580
0.888899  0.317709
0.891749  0.320476
0.894594  0.331647
0.897443  0.338835
0.900293  0.325463
0.903143  0.317698
0.905988  0.311130
0.908838  0.311206
0.911688  0.315136
0.914538  0.308924
0.917383  0.307857
0.920233  0.306201
0.923083  0.305833
0.925932  0.299524
0.928782  0.299912
0.931627  0.304394
0.934477  0.302458
0.937327  0.310976
0.940177  0.310988
0.943022  0.306123
0.945872  0.304039
0.948722  0.298468
0.951572  0.296330
0.954421  0.289547
0.957267  0.298551
0.960116  0.297637
0.962966  0.281278
0.965816  0.290262
0.968661  0.272329
0.971511  0.256855
0.974361  0.240385
0.977211  0.236391
0.980061  0.233720
0.982906  0.260445
0.985756  0.269339
0.988605  0.267030
0.991455  0.263729
0.994300  0.291350
0.997150  0.286369
1.000000  0.281982
