0.000000  0.172318
0.001059  0.170529
0.002117  0.199891
0.003176  0.110440
0.004234  0.137383
0.005293  0.160680
0.006351  0.144430
0.007410  0.172020
0.008468  0.174364
0.009527  0.167262
0.010586  0.146240
0.011644  0.162755
0.012703  0.159787
0.013761  0.161734
0.014820  0.130736
0.015879  0.148110
0.016937  0.152978
0.017996  0.175036
0.019054  0.167530
0.020113  0.155300
0.021171  0.167490
0.022229  0.178297
0.023288  0.174328
0.024346  0.182189
0.025405  0.183602
0.026464  0.196929
0.027522  0.179768
0.028581  0.193531
0.029639  0.181847
0.030698  0.211496
0.031757  0.188265
0.032815  0.186551
0.033874  0.191368
0.034932  0.205112
0.035991  0.190734
0.037049  0.207589
0.038108  0.203476
0.039166  0.203634
0.040225  0.189690
0.041283  0.218050
0.042342  0.200468
0.043400  0.213711
0.044459  0.208009
0.045517  0.215618
0.046576  0.205363
0.047635  0.229237
0.048693  0.216468
0.049752  0.231398
0.050810  0.217795
0.051869  0.226086
0.052927  0.221012
0.053986  0.242147
0.055044  0.233133
0.056103  0.240727
0.057161  0.228698
0.058220  0.251414
0.059278  0.235095
0.060337  0.250923
0.061396  0.259258
0.062454  0.252701
0.063513  0.248608
0.064571  0.265795
0.065630  0.258510
0.066688  0.259377
0.067747  0.256993
0.068806  0.278365
0.069864  0.263461
0.070923  0.281614
0.071981  0.271897
0.073040  0.285608
0.074098  0.276680
0.075157  0.292739
0.076215  0.275313
0.077274  0.287739
0.078332  0.287486
0.079391  0.296639
0.080449  0.294713
0.081508  0.303027
0.082567  0.292044
0.083625  0.309432
0.084684  0.308945
0.085742  0.307276
0.086801  0.307198
0.087859  0.319076
0.088918  0.318262
0.089976  0.321539
0.091035  0.311841
0.092093  0.316459
0.093152  0.311524
0.094210  0.324454
0.095269  0.318158
0.096327  0.334660
0.097386  0.324122
0.098445  0.325825
0.099503  0.324657
0.100562  0.337416
0.101620  0.332224
0.102679  0.336448
0.103738  0.349764
0.104796  0.342111
0.105854  0.337365
0.106913  0.352990
0.107971  0.325126
0.109030  0.347491
0.110088  0.337228
0.111147  0.337029
0.112205  0.345122
0.113264  0.357608
0.114323  0.350176
0.115381  0.355661
0.116440  0.347262
0.117498  0.343864
0.118557  0.344770
0.119616  0.352470
0.120674  0.349201
0.121733  0.350319
0.122791  0.348729
0.123850  0.368703
0.124908  0.363999
0.125967  0.355562
0.127025  0.355627
0.128084  0.357213
0.129142  0.377817
0.130201  0.362880
0.131259  0.371411
0.132318  0.372621
0.133377  0.365988
0.134435  0.371914
0.135494  0.369359
0.136552  0.379836
0.137611  0.377059
0.138669  0.375850
0.139728  0.372715
0.140786  0.377147
0.141845  0.371927
0.142903  0.377561
0.143962  0.390037
0.145020  0.395324
0.146079  0.379957
0.147137  0.384245
0.148196  0.379236
0.149255  0.387577
0.150313  0.380854
0.151372  0.393155
0.152430  0.383847
0.153489  0.399672
0.154548  0.379223
0.155606  0.395736
0.156665  0.395029
0.157723  0.405933
0.158782  0.397784
0.159840  0.409060
0.160898  0.395221
0.161957  0.410226
0.163015  0.399720
0.164074  0.397994
0.165133  0.391960
0.166191  0.419558
0.167250  0.403272
0.168308  0.420191
0.169367  0.405048
0.170426  0.400873
0.171484  0.411246
0.172543  0.432900
0.173601  0.417462
0.174660  0.416266
0.175718  0.421691
0.176777  0.410040
0.177835  0.405261
0.178894  0.424827
0.179952  0.426474
0.181011  0.412577
0.182069  0.407402
0.183128  0.432072
0.184187  0.402836
0.185245  0.428458
0.186304  0.397836
0.187362  0.428851
0.188421  0.415707
0.189479  0.431300
0.190538  0.415543
0.191596  0.419856
0.192655  0.424466
0.193713  0.433612
0.194772  0.417994
0.195830  0.427366
0.196889  0.421246
0.197947  0.429014
0.199006  0.427857
0.200065  0.435141
0.201123  0.431563
0.202182  0.428983
0.203240  0.436341
0.204299  0.420428
0.205358  0.442660
0.206416  0.421330
0.207475  0.439037
0.208533  0.434733
0.209592  0.451321
0.210650  0.435585
0.211709  0.451649
0.212767  0.426564
0.213826  0.445703
0.214884  0.445237
0.215943  0.440144
0.217001  0.448535
0.218060  0.437868
0.219118  0.456861
0.220177  0.420276
0.221236  0.418834
0.222294  0.423289
0.223353  0.434966
0.224411  0.439765
0.225470  0.441654
0.226528  0.438208
0.227587  0.432997
0.228645  0.444963
0.229704  0.436797
0.230762  0.440229
0.231821  0.429179
0.232879  0.426096
0.233938  0.417780
0.234996  0.451218
0.236055  0.460085
0.237114  0.448930
0.238172  0.468082
0.239231  0.447554
0.240289  0.425480
0.241348  0.429550
0.242407  0.450197
0.243465  0.450129
0.244523  0.452746
0.245582  0.454260
0.246640  0.461394
0.247699  0.458160
0.248757  0.436211
0.249816  0.425811
0.250875  0.415496
0.251933  0.445258
0.252992  0.449234
0.254050  0.439872
0.255109  0.473109
0.256168  0.473579
0.257226  0.460062
0.258285  0.393415
0.259343  0.436473
0.260402  0.432710
0.261460  0.441240
0.262519  0.451311
0.263577  0.420515
0.264636  0.456498
0.265694  0.455546
0.266753  0.485679
0.267811  0.507167
0.268870  0.488252
0.269928  0.438784
0.270987  0.468813
0.272046  0.488569
0.273104  0.534505
0.274163  0.465604
0.275221  0.443958
0.276280  0.432360
0.277338  0.426963
0.278397  0.490776
0.279455  0.467730
0.280514  0.477599
0.281572  0.442538
0.282631  0.440869
0.283689  0.476056
0.284748  0.469509
0.285806  0.448068
0.286865  0.456908
0.287923  0.474083
0.290654  0.477728
0.293503  0.476544
0.296353  0.478929
0.299198  0.480918
0.302048  0.482340
0.304898  0.480087
0.307748  0.484466
0.310593  0.486640
0.313443  0.486084
0.316293  0.487775
0.319143  0.486130
0.321992  0.488835
0.324838  0.490913
0.327687  0.488578
0.330537  0.489293
0.333387  0.492771
0.336232  0.500025
0.339082  0.500333
0.341932  0.516536
0.344782  0.519854
0.347632  0.517990
0.350477  0.524427
0.353327  0.517182
0.356176  0.513628
0.359026  0.507820
0.361871  0.502605
0.364721  0.500555
0.367571  0.503895
0.370421  0.497858
0.373271  0.494907
0.376116  0.497453
0.378966  0.500346
0.381816  0.499977
0.384665  0.499564
0.387510  0.497028
0.390360  0.505149
0.393210  0.504625
0.396060  0.504776
0.398910  0.504257
0.401755  0.502244
0.404605  0.500640
0.407455  0.505847
0.410305  0.502690
0.413150  0.502924
0.415999  0.502185
0.418849  0.507518
0.421699  0.506607
0.424544  0.507432
0.427394  0.508147
0.430244  0.509551
0.433094  0.505782
0.435944  0.512958
0.438789  0.515734
0.441639  0.516521
0.444488  0.525307
0.447338  0.524966
0.450183  0.527088
0.453033  0.539450
0.455883  0.556984
0.458733  0.556886
0.461583  0.565834
0.464428  0.517161
0.467278  0.538593
0.470128  0.542980
0.472977  0.541410
0.475823  0.545506
0.478672  0.541194
0.481522  0.537739
0.484372  0.531106
0.487222  0.539059
0.490067  0.531088
0.492917  0.524920
0.495767  0.526839
0.498617  0.519849
0.501462  0.526517
0.504312  0.523613
0.507161  0.521531
0.510011  0.513662
0.512856  0.515385
0.515706  0.507703
0.518556  0.513601
0.521406  0.522397
0.524256  0.516790
0.527101  0.512953
0.529951  0.512919
0.532801  0.513898
0.535650  0.516508
0.538495  0.510674
0.541345  0.517012
0.544195  0.515679
0.547045  0.513283
0.549895  0.514731
0.552740  0.516252
0.555590  0.515272
0.558440  0.513485
0.561290  0.511547
0.564135  0.518002
0.566984  0.513587
0.569834  0.515716
0.572684  0.517489
0.575534  0.515242
0.578379  0.514050
0.581229  0.516455
0.584079  0.517210
0.586929  0.515433
0.589774  0.513179
0.592624  0.512256
0.595473  0.515579
0.598323  0.510950
0.601168  0.508585
0.604018  0.497991
0.606868  0.500326
0.609718  0.504344
0.612568  0.502076
0.615413  0.505859
0.618263  0.508582
0.621113  0.503704
0.623962  0.511582
0.626808  0.513942
0.629657  0.519016
0.632507  0.512740
0.635357  0.511539
0.638207  0.509881
0.641052  0.509755
0.643902  0.509517
0.646752  0.513290
0.649602  0.516794
0.652447  0.513715
0.655297  0.517756
0.658146  0.513060
0.660996  0.508942
0.663846  0.508902
0.666691  0.501133
0.669541  0.496349
0.672391  0.495599
0.675241  0.497852
0.678086  0.489468
0.680936  0.490692
0.683786  0.497780
0.686635  0.501910
0.689485  0.504524
0.692330  0.504609
0.695180  0.506412
0.698030  0.505879
0.700880  0.502044
0.703725  0.499845
0.706575  0.513306
0.709425  0.491427
0.712275  0.484976
0.715120  0.473830
0.717969  0.465838
0.720819  0.460050
0.723669  0.468708
0.726519  0.481254
0.729364  0.474669
0.732214  0.478632
0.735064  0.472332
0.737914  0.468712
0.740759  0.468928
0.743609  0.471933
0.746458  0.487302
0.749308  0.497970
0.752158  0.493632
0.755003  0.498913
0.757853  0.499525
0.760703  0.493608
0.763553  0.496143
0.766398  0.494899
0.769248  0.497546
0.772098  0.498786
0.774947  0.503802
0.777797  0.501783
0.780642  0.508261
0.783492  0.509378
0.786342  0.504272
0.789192  0.499542
0.792037  0.495409
0.794887  0.493147
0.797737  0.495085
0.800587  0.495038
0.803432  0.489287
0.806282  0.488374
0.809131  0.493033
0.811981  0.499883
0.814831  0.490259
0.817676  0.478281
0.820526  0.465943
0.823376  0.453038
0.826226  0.442621
0.829071  0.447849
0.831921  0.453882
0.834771  0.454517
0.837620  0.453251
0.840470  0.453206
0.843315  0.465584
0.846165  0.454914
0.849015  0.464154
0.851865  0.448503
0.854710  0.462769
0.857560  0.457674
0.860410  0.457155
0.863260  0.453017
0.866109  0.451883
0.868954  0.438125
0.871804  0.425500
0.874654  0.400538
0.877504  0.370083
0.880349  0.341854
0.883199  0.313094
0.886049  0.309804
0.888899  0.310166
0.891749  0.313623
0.894594  0.323026
0.897443  0.330158
0.900293  0.325305
0.903143  0.316968
0.905988  0.300398
0.908838  0.299769
0.911688  0.310274
0.914538  0.308313
0.917383  0.307723
0.920233  0.311029
0.923083  0.308409
0.925932  0.289374
0.928782  0.294838
0.931627  0.295822
0.934477  0.292794
0.937327  0.300135
0.940177  0.299986
0.943022  0.303701
0.945872  0.303519
0.948722  0.293960
0.951572  0.290810
0.954421  0.287718
0.957267  0.291515
0.960116  0.278283
0.962966  0.282608
0.965816  0.278300
0.968661  0.276465
0.971511  0.250058
0.974361  0.230417
0.977211  0.230557
0.980061  0.231914
0.982906  0.248735
0.985756  0.260057
0.988605  0.263760
0.991455  0.261741
0.994300  0.261883
0.997150  0.279660
1.000000  0.267056
