0.000000  0.132939
0.001059  0.160490
0.002117  0.149884
0.003176  0.131263
0.004234  0.150941
0.005293  0.153417
0.006351  0.159329
0.007410  0.124682
0.008468  0.132577
0.009527  0.157203
0.010586  0.123767
0.011644  0.131456
0.012703  0.147006
0.013761  0.131383
0.014820  0.161769
0.015879  0.152955
0.016937  0.152807
0.017996  0.161919
0.019054  0.154516
0.020113  0.144608
0.021171  0.134002
0.022229  0.151301
0.023288  0.155939
0.024346  0.175563
0.025405  0.168515
0.026464  0.174870
0.027522  0.161985
0.028581  0.175064
0.029639  0.175633
0.030698  0.176577
0.031757  0.174647
0.032815  0.179463
0.033874  0.172963
0.034932  0.174306
0.035991  0.174301
0.037049  0.176083
0.038108  0.176101
0.039166  0.178562
0.040225  0.170358
0.041283  0.183623
0.042342  0.185007
0.043400  0.181088
0.044459  0.183963
0.045517  0.198107
0.046576  0.185268
0.047635  0.199325
0.048693  0.200611
0.049752  0.199508
0.050810  0.205836
0.051869  0.208185
0.052927  0.206429
0.053986  0.212012
0.055044  0.203497
0.056103  0.211467
0.057161  0.211031
0.058220  0.224616
0.059278  0.209004
0.060337  0.218101
0.061396  0.213573
0.062454  0.233529
0.063513  0.219030
0.064571  0.230035
0.065630  0.238629
0.066688  0.237961
0.067747  0.226882
0.068806  0.237255
0.069864  0.235168
0.070923  0.258191
0.071981  0.238849
0.073040  0.243579
0.074098  0.249368
0.075157  0.266445
0.076215  0.260111
0.077274  0.269386
0.078332  0.262396
0.079391  0.268072
0.080449  0.271236
0.081508  0.275186
0.082567  0.272504
0.083625  0.279207
0.084684  0.277710
0.085742  0.281700
0.086801  0.282870
0.087859  0.286389
0.088918  0.278680
0.089976  0.281677
0.091035  0.276715
0.092093  0.288691
0.093152  0.299086
0.094210  0.292925
0.095269  0.300362
0.096327  0.280493
0.097386  0.290731
0.098445  0.309786
0.099503  0.305402
0.100562  0.297652
0.101620  0.305820
0.102679  0.305614
0.103738  0.300702
0.104796  0.314281
0.105854  0.306800
0.106913  0.308651
0.107971  0.313457
0.109030  0.319751
0.110088  0.318623
0.111147  0.317025
0.112205  0.315475
0.113264  0.311646
0.114323  0.317205
0.115381  0.319874
0.116440  0.310051
0.117498  0.311052
0.118557  0.319768
0.119616  0.326152
0.120674  0.326788
0.121733  0.328199
0.122791  0.327349
0.123850  0.318466
0.124908  0.328503
0.125967  0.337539
0.127025  0.324981
0.128084  0.349080
0.129142  0.329678
0.130201  0.336839
0.131259  0.338178
0.132318  0.344340
0.133377  0.336331
0.134435  0.341547
0.135494  0.344188
0.136552  0.351477
0.137611  0.343989
0.138669  0.345050
0.139728  0.338818
0.140786  0.360376
0.141845  0.349140
0.142903  0.344853
0.143962  0.342531
0.145020  0.368866
0.146079  0.352720
0.147137  0.348658
0.148196  0.347571
0.149255  0.347557
0.150313  0.360521
0.151372  0.357718
0.152430  0.368466
0.153489  0.373780
0.154548  0.360066
0.155606  0.381685
0.156665  0.365757
0.157723  0.370968
0.158782  0.369925
0.159840  0.361868
0.160898  0.368490
0.161957  0.363018
0.163015  0.373910
0.164074  0.379185
0.165133  0.381126
0.166191  0.381101
0.167250  0.377229
0.168308  0.390099
0.169367  0.376145
0.170426  0.384824
0.171484  0.397342
0.172543  0.378285
0.173601  0.412215
0.174660  0.404898
0.175718  0.385915
0.176777  0.385993
0.177835  0.385641
0.178894  0.400138
0.179952  0.390963
0.181011  0.399470
0.182069  0.397292
0.183128  0.411030
0.184187  0.407710
0.185245  0.411929
0.186304  0.420152
0.187362  0.413407
0.188421  0.409055
0.189479  0.412100
0.190538  0.396129
0.191596  0.424300
0.192655  0.408197
0.193713  0.416298
0.194772  0.410970
0.195830  0.409673
0.196889  0.432058
0.197947  0.422527
0.199006  0.417068
0.200065  0.408430
0.201123  0.441541
0.202182  0.435073
0.203240  0.403763
0.204299  0.432258
0.205358  0.424196
0.206416  0.408809
0.207475  0.406310
0.208533  0.420128
0.209592  0.406938
0.210650  0.423824
0.211709  0.428194
0.212767  0.412536
0.213826  0.413720
0.214884  0.409286
0.215943  0.404621
0.217001  0.408438
0.218060  0.416732
0.219118  0.406015
0.220177  0.420088
0.221236  0.406048
0.222294  0.425029
0.223353  0.421038
0.224411  0.438574
0.225470  0.411253
0.226528  0.442252
0.227587  0.461776
0.228645  0.423924
0.229704  0.423748
0.230762  0.430259
0.231821  0.423498
0.232879  0.425325
0.233938  0.434906
0.234996  0.448874
0.236055  0.411454
0.237114  0.428843
0.238172  0.428884
0.239231  0.435618
0.240289  0.410670
0.241348  0.437072
0.242407  0.400260
0.243465  0.414661
0.244523  0.418834
0.245582  0.424368
0.246640  0.397715
0.247699  0.446871
0.248757  0.447549
0.249816  0.431611
0.250875  0.425404
0.251933  0.449022
0.252992  0.445724
0.254050  0.469092
0.255109  0.466272
0.256168  0.480788
0.257226  0.417756
0.258285  0.425277
0.259343  0.438432
0.260402  0.428242
0.261460  0.437313
0.262519  0.463336
0.263577  0.448953
0.264636  0.469825
0.265694  0.387127
0.266753  0.463751
0.267811  0.478003
0.268870  0.425678
0.269928  0.412374
0.270987  0.449760
0.272046  0.442932
0.273104  0.457738
0.274163  0.400065
0.275221  0.423464
0.276280  0.456973
0.277338  0.401354
0.278397  0.446714
0.279455  0.441050
0.280514  0.396997
0.281572  0.466540
0.282631  0.465363
0.283689  0.435146
0.284748  0.406127
0.285806  0.412765
0.286865  0.465969
0.287923  0.426983
0.290654  0.460288
0.293503  0.461939
0.296353  0.460625
0.299198  0.462933
0.302048  0.463549
0.304898  0.464403
0.307748  0.463810
0.310593  0.464493
0.313443  0.468231
0.316293  0.467051
0.319143  0.469346
0.321992  0.470455
0.324838  0.469107
0.327687  0.470813
0.330537  0.472890
0.333387  0.474913
0.336232  0.478285
0.339082  0.483471
0.341932  0.494159
0.344782  0.503618
0.347632  0.500916
0.350477  0.495397
0.353327  0.493818
0.356176  0.490934
0.359026  0.487815
0.361871  0.482069
0.364721  0.478968
0.367571  0.478993
0.370421  0.476675
0.373271  0.476830
0.376116  0.476925
0.378966  0.478160
0.381816  0.477139
0.384665  0.481120
0.387510  0.479228
0.390360  0.481321
0.393210  0.479723
0.396060  0.480619
0.398910  0.482303
0.401755  0.483610
0.404605  0.484153
0.407455  0.484477
0.410305  0.484875
0.413150  0.483833
0.415999  0.486762
0.418849  0.485690
0.421699  0.486532
0.424544  0.489104
0.427394  0.488779
0.430244  0.488944
0.433094  0.490475
0.435944  0.492599
0.438789  0.494435
0.441639  0.494629
0.444488  0.500975
0.447338  0.504640
0.450183  0.507327
0.453033  0.522646
0.455883  0.527887
0.458733  0.528348
0.461583  0.529668
0.464428  0.522541
0.467278  0.521615
0.470128  0.519160
0.472977  0.511666
0.475823  0.516341
0.478672  0.514683
0.481522  0.515827
0.484372  0.511076
0.487222  0.510751
0.490067  0.512494
0.492917  0.506437
0.495767  0.506802
0.498617  0.504658
0.501462  0.496657
0.504312  0.501092
0.507161  0.498124
0.510011  0.494965
0.512856  0.491823
0.515706  0.493262
0.518556  0.490446
0.521406  0.486460
0.524256  0.488388
0.527101  0.487546
0.529951  0.484279
0.532801  0.484764
0.535650  0.484352
0.538495  0.483308
0.541345  0.485070
0.544195  0.484797
0.547045  0.484299
0.549895  0.483542
0.552740  0.484899
0.555590  0.486166
0.558440  0.484653
0.561290  0.486283
0.564135  0.488081
0.566984  0.486441
0.569834  0.484859
0.572684  0.487201
0.575534  0.487959
0.578379  0.488481
0.581229  0.486613
0.584079  0.487179
0.586929  0.487698
0.589774  0.486510
0.592624  0.488504
0.595473  0.487274
0.598323  0.484029
0.601168  0.480120
0.604018  0.473884
0.606868  0.473890
0.609718  0.476824
0.612568  0.478458
0.615413  0.477223
0.618263  0.482446
0.621113  0.481163
0.623962  0.483294
0.626808  0.482919
0.629657  0.481403
0.632507  0.482203
0.635357  0.482770
0.638207  0.480220
0.641052  0.482410
0.643902  0.482322
0.646752  0.486285
0.649602  0.486078
0.652447  0.486702
0.655297  0.487844
0.658146  0.484168
0.660996  0.486975
0.663846  0.485271
0.666691  0.479548
0.669541  0.478895
0.672391  0.469005
0.675241  0.471563
0.678086  0.472399
0.680936  0.478073
0.683786  0.475353
0.686635  0.471484
0.689485  0.481407
0.692330  0.481940
0.695180  0.491139
0.698030  0.481120
0.700880  0.483184
0.703725  0.478413
0.706575  0.478331
0.709425  0.479453
0.712275  0.466334
0.715120  0.455120
0.717969  0.452580
0.720819  0.448889
0.723669  0.452214
0.726519  0.458599
0.729364  0.452620
0.732214  0.457406
0.735064  0.450862
0.737914  0.447774
0.740759  0.449684
0.743609  0.453128
0.746458  0.459025
0.749308  0.467728
0.752158  0.466876
0.755003  0.469680
0.757853  0.469708
0.760703  0.471913
0.763553  0.470949
0.766398  0.469233
0.769248  0.470278
0.772098  0.474829
0.774947  0.475284
0.777797  0.473142
0.780642  0.477069
0.783492  0.475021
0.786342  0.473061
0.789192  0.472412
0.792037  0.467498
0.794887  0.463478
0.797737  0.464663
0.800587  0.463613
0.803432  0.459892
0.806282  0.459743
0.809131  0.458816
0.811981  0.460245
0.814831  0.449792
0.817676  0.445476
0.820526  0.433844
0.823376  0.424546
0.826226  0.416029
0.829071  0.414745
0.831921  0.419910
0.834771  0.421339
0.837620  0.421573
0.840470  0.425667
0.843315  0.406196
0.846165  0.427087
0.849015  0.426376
0.851865  0.426670
0.854710  0.424768
0.857560  0.428921
0.860410  0.428953
0.863260  0.428315
0.866109  0.422208
0.868954  0.411048
0.871804  0.396601
0.874654  0.373098
0.877504  0.347558
0.880349  0.325505
0.883199  0.302817
0.886049  0.289597
0.888899  0.290229
0.891749  0.294484
0.894594  0.304527
0.897443  0.309409
0.900293  0.303295
0.903143  0.296933
0.905988  0.285635
0.908838  0.283454
0.911688  0.286251
0.914538  0.289079
0.917383  0.284846
0.920233  0.284096
0.923083  0.280980
0.925932  0.273815
0.928782  0.276331
0.931627  0.274230
0.934477  0.276567
0.937327  0.282786
0.940177  0.281342
0.943022  0.282458
0.945872  0.280176
0.948722  0.271976
0.951572  0.273822
0.954421  0.268516
0.957267  0.276778
0.960116  0.270833
0.962966  0.256250
0.965816  0.260628
0.968661  0.256088
0.971511  0.237118
0.974361  0.220938
0.977211  0.218742
0.980061  0.223831
0.982906  0.236474
0.985756  0.247981
0.988605  0.242722
0.991455  0.245481
0.994300  0.259055
0.997150  0.262682
1.000000  0.265933
