0.000000  0.140900
0.001059  0.130259
0.002117  0.142622
0.003176  0.157339
0.004234  0.158221
0.005293  0.161427
0.006351  0.145957
0.007410  0.143411
0.008468  0.144255
0.009527  0.146193
0.010586  0.138325
0.011644  0.138324
0.012703  0.141476
0.013761  0.145146
0.014820  0.144681
0.015879  0.145258
0.016937  0.147131
0.017996  0.148765
0.019054  0.150026
0.020113  0.153428
0.021171  0.153219
0.022229  0.159658
0.023288  0.155372
0.024346  0.164355
0.025405  0.165823
0.026464  0.164475
0.027522  0.163739
0.028581  0.176880
0.029639  0.172169
0.030698  0.174297
0.031757  0.171183
0.032815  0.174557
0.033874  0.177175
0.034932  0.175827
0.035991  0.179680
0.037049  0.183335
0.038108  0.180787
0.039166  0.181111
0.040225  0.179568
0.041283  0.185283
0.042342  0.182786
0.043400  0.191811
0.044459  0.182041
0.045517  0.192710
0.046576  0.187826
0.047635  0.195051
0.048693  0.193549
0.049752  0.200481
0.050810  0.198401
0.051869  0.203373
0.052927  0.199679
0.053986  0.210632
0.055044  0.208224
0.056103  0.213953
0.057161  0.213947
0.058220  0.216663
0.059278  0.216637
0.060337  0.220345
0.061396  0.219524
0.062454  0.230696
0.063513  0.225951
0.064571  0.230264
0.065630  0.227991
0.066688  0.234446
0.067747  0.234059
0.068806  0.244481
0.069864  0.241526
0.070923  0.244821
0.071981  0.246851
0.073040  0.250132
0.074098  0.252734
0.075157  0.259774
0.076215  0.254187
0.077274  0.259959
0.078332  0.260842
0.079391  0.264507
0.080449  0.263013
0.081508  0.266637
0.082567  0.265619
0.083625  0.274157
0.084684  0.274303
0.085742  0.279572
0.086801  0.269352
0.087859  0.280972
0.088918  0.281465
0.089976  0.284985
0.091035  0.285851
0.092093  0.287022
0.093152  0.282982
0.094210  0.284551
0.095269  0.292129
0.096327  0.296328
0.097386  0.288415
0.098445  0.292212
0.099503  0.298510
0.100562  0.292845
0.101620  0.301150
0.102679  0.302886
0.103738  0.300466
0.104796  0.302665
0.105854  0.305802
0.106913  0.304099
0.107971  0.307964
0.109030  0.310283
0.110088  0.306970
0.111147  0.316554
0.112205  0.310711
0.113264  0.311354
0.114323  0.313781
0.115381  0.316363
0.116440  0.316389
0.117498  0.321630
0.118557  0.320722
0.119616  0.324506
0.120674  0.313308
0.121733  0.320380
0.122791  0.322603
0.123850  0.324235
0.124908  0.328249
0.125967  0.327238
0.127025  0.325961
0.128084  0.338854
0.129142  0.329200
0.130201  0.330227
0.131259  0.335580
0.132318  0.333344
0.133377  0.331742
0.134435  0.332905
0.135494  0.333208
0.136552  0.341841
0.137611  0.331265
0.138669  0.343236
0.139728  0.339623
0.140786  0.345653
0.141845  0.345839
0.142903  0.350897
0.143962  0.345127
0.145020  0.345896
0.146079  0.344141
0.147137  0.349749
0.148196  0.351671
0.149255  0.351693
0.150313  0.353194
0.151372  0.357436
0.152430  0.361162
0.153489  0.353923
0.154548  0.356327
0.155606  0.360828
0.156665  0.353857
0.157723  0.359441
0.158782  0.359686
0.159840  0.362283
0.160898  0.364333
0.161957  0.372325
0.163015  0.366336
0.164074  0.367690
0.165133  0.366012
0.166191  0.369730
0.167250  0.367166
0.168308  0.375789
0.169367  0.373940
0.170426  0.379146
0.171484  0.370425
0.172543  0.388560
0.173601  0.382463
0.174660  0.388172
0.175718  0.384321
0.176777  0.385738
0.177835  0.386032
0.178894  0.378741
0.179952  0.388345
0.181011  0.382591
0.182069  0.390400
0.183128  0.390275
0.184187  0.388585
0.185245  0.386907
0.186304  0.384516
0.187362  0.392105
0.188421  0.396930
0.189479  0.406374
0.190538  0.401687
0.191596  0.401358
0.192655  0.397712
0.193713  0.400497
0.194772  0.399943
0.195830  0.397788
0.196889  0.406989
0.197947  0.407056
0.199006  0.404328
0.200065  0.392693
0.201123  0.397161
0.202182  0.400644
0.203240  0.408411
0.204299  0.400307
0.205358  0.397127
0.206416  0.401042
0.207475  0.404790
0.208533  0.398175
0.209592  0.402116
0.210650  0.396415
0.211709  0.406077
0.212767  0.403314
0.213826  0.404846
0.214884  0.402007
0.215943  0.401890
0.217001  0.393242
0.218060  0.413012
0.219118  0.409707
0.220177  0.411589
0.221236  0.407254
0.222294  0.409038
0.223353  0.408093
0.224411  0.397915
0.225470  0.398671
0.226528  0.408113
0.227587  0.401233
0.228645  0.411965
0.229704  0.408993
0.230762  0.400887
0.231821  0.403140
0.232879  0.412112
0.233938  0.403939
0.234996  0.411848
0.236055  0.394324
0.237114  0.402787
0.238172  0.399215
0.239231  0.412529
0.240289  0.395385
0.241348  0.404174
0.242407  0.401907
0.243465  0.410836
0.244523  0.404831
0.245582  0.404745
0.246640  0.411587
0.247699  0.414744
0.248757  0.415840
0.249816  0.410306
0.250875  0.414936
0.251933  0.425072
0.252992  0.413456
0.254050  0.413527
0.255109  0.419512
0.256168  0.399178
0.257226  0.420416
0.258285  0.425177
0.259343  0.444583
0.260402  0.411144
0.261460  0.432415
0.262519  0.433158
0.263577  0.397947
0.264636  0.406880
0.265694  0.408661
0.266753  0.427812
0.267811  0.418980
0.268870  0.408828
0.269928  0.406870
0.270987  0.414898
0.272046  0.410670
0.273104  0.402497
0.274163  0.430926
0.275221  0.421222
0.276280  0.419479
0.277338  0.432935
0.278397  0.413103
0.279455  0.408603
0.280514  0.432300
0.281572  0.410859
0.282631  0.417238
0.283689  0.409726
0.284748  0.410830
0.285806  0.407753
0.286865  0.414689
0.287923  0.434082
0.290654  0.469188
0.293503  0.469691
0.296353  0.472135
0.299198  0.469752
0.302048  0.470392
0.304898  0.470267
0.307748  0.475253
0.310593  0.471346
0.313443  0.475572
0.316293  0.475209
0.319143  0.477021
0.321992  0.476574
0.324838  0.478280
0.327687  0.481577
0.330537  0.479325
0.333387  0.480860
0.336232  0.486389
0.339082  0.493966
0.341932  0.506250
0.344782  0.522994
0.347632  0.526467
0.350477  0.512696
0.353327  0.504663
0.356176  0.500417
0.359026  0.509664
0.361871  0.497061
0.364721  0.489338
0.367571  0.488899
0.370421  0.488615
0.373271  0.488986
0.376116  0.487950
0.378966  0.492303
0.381816  0.490634
0.384665  0.489293
0.387510  0.491048
0.390360  0.487100
0.393210  0.493640
0.396060  0.488617
0.398910  0.489232
0.401755  0.492206
0.404605  0.490749
0.407455  0.490831
0.410305  0.492724
0.413150  0.492032
0.415999  0.492352
0.418849  0.494217
0.421699  0.491085
0.424544  0.497347
0.427394  0.497445
0.430244  0.497700
0.433094  0.502444
0.435944  0.500322
0.438789  0.506960
0.441639  0.506279
0.444488  0.504700
0.447338  0.519112
0.450183  0.517702
0.453033  0.540209
0.455883  0.551318
0.458733  0.551982
0.461583  0.543825
0.464428  0.555264
0.467278  0.544435
0.470128  0.548235
0.472977  0.562551
0.475823  0.537793
0.478672  0.534351
0.481522  0.550626
0.484372  0.540398
0.487222  0.538472
0.490067  0.542948
0.492917  0.523621
0.495767  0.524251
0.498617  0.530254
0.501462  0.530442
0.504312  0.524899
0.507161  0.518716
0.510011  0.520172
0.512856  0.513842
0.515706  0.514467
0.518556  0.514419
0.521406  0.505283
0.524256  0.510873
0.527101  0.510018
0.529951  0.504060
0.532801  0.500705
0.535650  0.499044
0.538495  0.501900
0.541345  0.494691
0.544195  0.499834
0.547045  0.499137
0.549895  0.499514
0.552740  0.503168
0.555590  0.502962
0.558440  0.501040
0.561290  0.508961
0.564135  0.504525
0.566984  0.503573
0.569834  0.498584
0.572684  0.502558
0.575534  0.499934
0.578379  0.507659
0.581229  0.507057
0.584079  0.504492
0.586929  0.506542
0.589774  0.503112
0.592624  0.505643
0.595473  0.503998
0.598323  0.502051
0.601168  0.501483
0.604018  0.489270
0.606868  0.492054
0.609718  0.491037
0.612568  0.496642
0.615413  0.494717
0.618263  0.498203
0.621113  0.500269
0.623962  0.498655
0.626808  0.499149
0.629657  0.505337
0.632507  0.499684
0.635357  0.497097
0.638207  0.497196
0.641052  0.506440
0.643902  0.501463
0.646752  0.503912
0.649602  0.504068
0.652447  0.504047
0.655297  0.514107
0.658146  0.503306
0.660996  0.508609
0.663846  0.497671
0.666691  0.503774
0.669541  0.489742
0.672391  0.505407
0.675241  0.484652
0.678086  0.509168
0.680936  0.507808
0.683786  0.511185
0.686635  0.501070
0.689485  0.504871
0.692330  0.512098
0.695180  0.511547
0.698030  0.493498
0.700880  0.498500
0.703725  0.511557
0.706575  0.497097
0.709425  0.510042
0.712275  0.501867
0.715120  0.490243
0.717969  0.471334
0.720819  0.478887
0.723669  0.479010
0.726519  0.480270
0.729364  0.479646
0.732214  0.484035
0.735064  0.467726
0.737914  0.478002
0.740759  0.467858
0.743609  0.457019
0.746458  0.479546
0.749308  0.484861
0.752158  0.482711
0.755003  0.481940
0.757853  0.488887
0.760703  0.482835
0.763553  0.491799
0.766398  0.488137
0.769248  0.499097
0.772098  0.489603
0.774947  0.504344
0.777797  0.494692
0.780642  0.497996
0.783492  0.496252
0.786342  0.490660
0.789192  0.495120
0.792037  0.494511
0.794887  0.488950
0.797737  0.497633
0.800587  0.486722
0.803432  0.491523
0.806282  0.493725
0.809131  0.488346
0.811981  0.491598
0.814831  0.486065
0.817676  0.478075
0.820526  0.464203
0.823376  0.454193
0.826226  0.446442
0.829071  0.439986
0.831921  0.447488
0.834771  0.450863
0.837620  0.449453
0.840470  0.452602
0.843315  0.459919
0.846165  0.459506
0.849015  0.450780
0.851865  0.453690
0.854710  0.451829
0.857560  0.454808
0.860410  0.453052
0.863260  0.455905
0.866109  0.444910
0.868954  0.432553
0.871804  0.411663
0.874654  0.394468
0.877504  0.367490
0.880349  0.337525
0.883199  0.320730
0.886049  0.299396
0.888899  0.304280
0.891749  0.308339
0.894594  0.324470
0.897443  0.329101
0.900293  0.324192
0.903143  0.313182
0.905988  0.302723
0.908838  0.310270
0.911688  0.307415
0.914538  0.309042
0.917383  0.305137
0.920233  0.306325
0.923083  0.303439
0.925932  0.298859
0.928782  0.295164
0.931627  0.301812
0.934477  0.297815
0.937327  0.297972
0.940177  0.308410
0.943022  0.310514
0.945872  0.294336
0.948722  0.289149
0.951572  0.296145
0.954421  0.282422
0.957267  0.292212
0.960116  0.287350
0.962966  0.284629
0.965816  0.274711
0.968661  0.280313
0.971511  0.252077
0.974361  0.234346
0.977211  0.232710
0.980061  0.240242
0.982906  0.251390
0.985756  0.260611
0.988605  0.268508
0.991455  0.268405
0.994300  0.271830
0.997150  0.275902
1.000000  0.271102
