0.000000  0.162642
0.001059  0.142634
0.002117  0.128235
0.003176  0.145907
0.004234  0.148745
0.005293  0.126477
0.006351  0.127750
0.007410  0.164318
0.008468  0.137256
0.009527  0.142640
0.010586  0.085965
0.011644  0.140112
0.012703  0.134381
0.013761  0.136463
0.014820  0.127139
0.015879  0.144636
0.016937  0.130149
0.017996  0.136497
0.019054  0.146772
0.020113  0.153705
0.021171  0.137616
0.022229  0.139418
0.023288  0.142175
0.024346  0.155449
0.025405  0.151519
0.026464  0.163294
0.027522  0.162530
0.028581  0.166658
0.029639  0.164831
0.030698  0.170728
0.031757  0.156804
0.032815  0.170329
0.033874  0.167890
0.034932  0.179146
0.035991  0.173965
0.037049  0.172786
0.038108  0.171074
0.039166  0.167906
0.040225  0.170750
0.041283  0.179512
0.042342  0.176959
0.043400  0.181885
0.044459  0.179934
0.045517  0.181597
0.046576  0.177462
0.047635  0.181396
0.048693  0.182692
0.049752  0.188328
0.050810  0.183826
0.051869  0.192723
0.052927  0.188824
0.053986  0.202568
0.055044  0.191127
0.056103  0.199786
0.057161  0.190681
0.058220  0.210672
0.059278  0.199401
0.060337  0.207707
0.061396  0.203248
0.062454  0.215042
0.063513  0.216219
0.064571  0.217342
0.065630  0.215658
0.066688  0.228642
0.067747  0.224454
0.068806  0.221864
0.069864  0.236266
0.070923  0.232495
0.071981  0.234555
0.073040  0.237837
0.074098  0.227737
0.075157  0.245998
0.076215  0.232333
0.077274  0.256027
0.078332  0.237086
0.079391  0.251603
0.080449  0.247428
0.081508  0.254189
0.082567  0.252212
0.083625  0.262375
0.084684  0.262318
0.085742  0.258736
0.086801  0.259016
0.087859  0.267093
0.088918  0.251849
0.089976  0.264828
0.091035  0.270266
0.092093  0.270251
0.093152  0.275650
0.094210  0.275873
0.095269  0.264858
0.096327  0.275674
0.097386  0.267183
0.098445  0.272687
0.099503  0.275316
0.100562  0.289141
0.101620  0.280909
0.102679  0.300680
0.103738  0.274053
0.104796  0.290122
0.105854  0.275969
0.106913  0.289649
0.107971  0.280333
0.109030  0.284968
0.110088  0.290848
0.111147  0.294095
0.112205  0.288297
0.113264  0.301687
0.114323  0.284985
0.115381  0.302614
0.116440  0.300263
0.117498  0.293411
0.118557  0.300848
0.119616  0.306605
0.120674  0.300104
0.121733  0.303733
0.122791  0.297872
0.123850  0.306328
0.124908  0.299785
0.125967  0.312647
0.127025  0.317143
0.128084  0.305476
0.129142  0.303858
0.130201  0.318179
0.131259  0.300083
0.132318  0.316983
0.133377  0.318484
0.134435  0.324943
0.135494  0.315704
0.136552  0.317640
0.137611  0.314507
0.138669  0.316308
0.139728  0.315850
0.140786  0.315595
0.141845  0.340227
0.142903  0.316236
0.143962  0.313327
0.145020  0.332521
0.146079  0.318706
0.147137  0.327571
0.148196  0.328677
0.149255  0.336840
0.150313  0.328063
0.151372  0.338418
0.152430  0.342267
0.153489  0.333466
0.154548  0.334616
0.155606  0.329650
0.156665  0.335674
0.157723  0.356130
0.158782  0.340527
0.159840  0.355781
0.160898  0.337900
0.161957  0.345893
0.163015  0.329761
0.164074  0.335874
0.165133  0.344632
0.166191  0.343847
0.167250  0.359501
0.168308  0.363714
0.169367  0.365300
0.170426  0.360507
0.171484  0.349420
0.172543  0.370953
0.173601  0.347067
0.174660  0.367471
0.175718  0.372075
0.176777  0.366706
0.177835  0.360681
0.178894  0.376828
0.179952  0.351437
0.181011  0.374509
0.182069  0.361549
0.183128  0.382886
0.184187  0.360903
0.185245  0.380938
0.186304  0.373669
0.187362  0.376299
0.188421  0.365920
0.189479  0.384791
0.190538  0.373158
0.191596  0.376965
0.192655  0.361362
0.193713  0.386962
0.194772  0.373023
0.195830  0.376610
0.196889  0.363657
0.197947  0.389888
0.199006  0.385743
0.200065  0.383202
0.201123  0.413074
0.202182  0.393531
0.203240  0.362339
0.204299  0.392054
0.205358  0.385980
0.206416  0.405531
0.207475  0.389010
0.208533  0.407175
0.209592  0.407084
0.210650  0.416389
0.211709  0.374975
0.212767  0.389358
0.213826  0.367805
0.214884  0.387203
0.215943  0.375162
0.217001  0.390533
0.218060  0.380790
0.219118  0.379511
0.220177  0.391205
0.221236  0.383134
0.222294  0.388270
0.223353  0.387734
0.224411  0.405307
0.225470  0.370457
0.226528  0.386702
0.227587  0.403531
0.228645  0.387935
0.229704  0.382762
0.230762  0.398922
0.231821  0.392519
0.232879  0.405494
0.233938  0.384263
0.234996  0.411638
0.236055  0.398432
0.237114  0.389039
0.238172  0.354018
0.239231  0.379105
0.240289  0.379220
0.241348  0.395243
0.242407  0.398537
0.243465  0.389636
0.244523  0.387247
0.245582  0.376547
0.246640  0.403314
0.247699  0.397668
0.248757  0.394972
0.249816  0.389727
0.250875  0.401109
0.251933  0.379727
0.252992  0.404505
0.254050  0.404864
0.255109  0.407141
0.256168  0.431161
0.257226  0.403734
0.258285  0.361925
0.259343  0.414316
0.260402  0.388008
0.261460  0.427309
0.262519  0.419760
0.263577  0.417693
0.264636  0.402288
0.265694  0.443187
0.266753  0.418425
0.267811  0.441550
0.268870  0.401467
0.269928  0.379503
0.270987  0.440349
0.272046  0.429664
0.273104  0.386244
0.274163  0.461913
0.275221  0.381184
0.276280  0.421534
0.277338  0.368140
0.278397  0.424718
0.279455  0.401170
0.280514  0.374837
0.281572  0.393166
0.282631  0.436172
0.283689  0.382715
0.284748  0.456795
0.285806  0.416854
0.286865  0.448106
0.287923  0.415314
0.290654  0.455598
0.293503  0.455690
0.296353  0.453421
0.299198  0.453952
0.302048  0.453699
0.304898  0.456507
0.307748  0.453977
0.310593  0.455795
0.313443  0.456267
0.316293  0.457315
0.319143  0.458287
0.321992  0.458772
0.324838  0.461038
0.327687  0.463811
0.330537  0.462055
0.333387  0.465232
0.336232  0.467647
0.339082  0.474616
0.341932  0.484758
0.344782  0.493907
0.347632  0.487836
0.350477  0.483993
0.353327  0.491204
0.356176  0.484015
0.359026  0.477966
0.361871  0.473528
0.364721  0.468530
0.367571  0.472029
0.370421  0.468718
0.373271  0.469639
0.376116  0.469326
0.378966  0.468715
0.381816  0.466722
0.384665  0.469904
0.387510  0.472796
0.390360  0.475706
0.393210  0.473516
0.396060  0.473551
0.398910  0.472397
0.401755  0.475407
0.404605  0.474187
0.407455  0.474647
0.410305  0.475666
0.413150  0.480881
0.415999  0.477099
0.418849  0.474864
0.421699  0.477759
0.424544  0.479896
0.427394  0.479747
0.430244  0.478798
0.433094  0.481773
0.435944  0.484795
0.438789  0.480189
0.441639  0.486341
0.444488  0.489126
0.447338  0.495055
0.450183  0.501995
0.453033  0.519779
0.455883  0.518017
0.458733  0.513497
0.461583  0.514006
0.464428  0.529171
0.467278  0.516418
0.470128  0.523454
0.472977  0.523508
0.475823  0.514659
0.478672  0.520637
0.481522  0.506490
0.484372  0.505728
0.487222  0.515418
0.490067  0.497235
0.492917  0.504073
0.495767  0.506922
0.498617  0.493224
0.501462  0.494908
0.504312  0.496319
0.507161  0.491703
0.510011  0.493005
0.512856  0.490743
0.515706  0.492391
0.518556  0.483681
0.521406  0.485991
0.524256  0.477543
0.527101  0.476745
0.529951  0.485396
0.532801  0.479219
0.535650  0.476397
0.538495  0.485906
0.541345  0.482568
0.544195  0.480127
0.547045  0.478728
0.549895  0.477837
0.552740  0.480037
0.555590  0.483635
0.558440  0.481636
0.561290  0.483356
0.564135  0.483247
0.566984  0.482940
0.569834  0.484016
0.572684  0.482429
0.575534  0.482243
0.578379  0.482320
0.581229  0.481055
0.584079  0.483177
0.586929  0.481071
0.589774  0.483348
0.592624  0.486091
0.595473  0.483737
0.598323  0.478329
0.601168  0.477131
0.604018  0.467897
0.606868  0.466711
0.609718  0.469342
0.612568  0.476503
0.615413  0.475185
0.618263  0.475240
0.621113  0.477954
0.623962  0.482537
0.626808  0.481547
0.629657  0.478585
0.632507  0.480378
0.635357  0.480526
0.638207  0.476833
0.641052  0.478749
0.643902  0.480304
0.646752  0.484544
0.649602  0.482377
0.652447  0.485360
0.655297  0.479667
0.658146  0.484724
0.660996  0.476600
0.663846  0.473484
0.666691  0.475176
0.669541  0.472564
0.672391  0.478016
0.675241  0.468037
0.678086  0.482258
0.680936  0.469334
0.683786  0.478728
0.686635  0.471071
0.689485  0.481912
0.692330  0.480638
0.695180  0.476869
0.698030  0.477747
0.700880  0.478967
0.703725  0.486618
0.706575  0.480208
0.709425  0.470458
0.712275  0.467623
0.715120  0.465121
0.717969  0.448974
0.720819  0.441294
0.723669  0.453122
0.726519  0.457476
0.729364  0.451940
0.732214  0.449830
0.735064  0.454348
0.737914  0.456940
0.740759  0.454335
0.743609  0.435892
0.746458  0.444970
0.749308  0.456816
0.752158  0.459068
0.755003  0.470185
0.757853  0.467347
0.760703  0.470374
0.763553  0.464856
0.766398  0.475187
0.769248  0.471847
0.772098  0.475128
0.774947  0.469335
0.777797  0.470311
0.780642  0.466885
0.783492  0.472411
0.786342  0.472849
0.789192  0.466684
0.792037  0.465235
0.794887  0.463843
0.797737  0.467455
0.800587  0.463511
0.803432  0.467997
0.806282  0.458369
0.809131  0.458008
0.811981  0.460845
0.814831  0.457927
0.817676  0.442217
0.820526  0.436355
0.823376  0.422162
0.826226  0.421613
0.829071  0.417822
0.831921  0.425457
0.834771  0.422279
0.837620  0.422715
0.840470  0.414973
0.843315  0.429604
0.846165  0.429951
0.849015  0.425287
0.851865  0.430849
0.854710  0.423789
0.857560  0.427950
0.860410  0.422789
0.863260  0.432335
0.866109  0.420819
0.868954  0.403381
0.871804  0.388641
0.874654  0.367796
0.877504  0.337337
0.880349  0.315074
0.883199  0.299302
0.886049  0.286037
0.888899  0.290801
0.891749  0.293905
0.894594  0.298093
0.897443  0.303889
0.900293  0.297576
0.903143  0.287601
0.905988  0.284060
0.908838  0.278434
0.911688  0.290847
0.914538  0.287576
0.917383  0.288036
0.920233  0.274254
0.923083  0.276957
0.925932  0.274264
0.928782  0.278753
0.931627  0.276248
0.934477  0.276988
0.937327  0.280069
0.940177  0.282989
0.943022  0.285754
0.945872  0.276507
0.948722  0.277247
0.951572  0.269666
0.954421  0.267127
0.957267  0.273211
0.960116  0.268598
0.962966  0.263305
0.965816  0.256878
0.968661  0.251607
0.971511  0.229169
0.974361  0.220122
0.977211  0.220239
0.980061  0.221551
0.982906  0.229604
0.985756  0.256308
0.988605  0.231140
0.991455  0.242575
0.994300  0.251824
0.997150  0.255246
1.000000  0.265170
