0.000000  0.111738
0.001059  0.104182
0.002117  0.106920
0.003176  0.134085
0.004234  0.127647
0.005293  0.126160
0.006351  0.103306
0.007410  0.144171
0.008468  0.128188
0.009527  0.136540
0.010586  0.129778
0.011644  0.104571
0.012703  0.128968
0.013761  0.136674
0.014820  0.126034
0.015879  0.142892
0.016937  0.125350
0.017996  0.130544
0.019054  0.134453
0.020113  0.131514
0.021171  0.130179
0.022229  0.142419
0.023288  0.154694
0.024346  0.147160
0.025405  0.144874
0.026464  0.139842
0.027522  0.148713
0.028581  0.154855
0.029639  0.154423
0.030698  0.148655
0.031757  0.158874
0.032815  0.152846
0.033874  0.159920
0.034932  0.154382
0.035991  0.146799
0.037049  0.172202
0.038108  0.161891
0.039166  0.165561
0.040225  0.163572
0.041283  0.170914
0.042342  0.160738
0.043400  0.171400
0.044459  0.166247
0.045517  0.177622
0.046576  0.174824
0.047635  0.172520
0.048693  0.178411
0.049752  0.180813
0.050810  0.177922
0.051869  0.188737
0.052927  0.179266
0.053986  0.188631
0.055044  0.188780
0.056103  0.203958
0.057161  0.188865
0.058220  0.199814
0.059278  0.197006
0.060337  0.199391
0.061396  0.202863
0.062454  0.218771
0.063513  0.213450
0.064571  0.210928
0.065630  0.209802
0.066688  0.215439
0.067747  0.210818
0.068806  0.219430
0.069864  0.212443
0.070923  0.219987
0.071981  0.220087
0.073040  0.229932
0.074098  0.224320
0.075157  0.230086
0.076215  0.226385
0.077274  0.232302
0.078332  0.231225
0.079391  0.251035
0.080449  0.233661
0.081508  0.244941
0.082567  0.245256
0.083625  0.249748
0.084684  0.252261
0.085742  0.257446
0.086801  0.262699
0.087859  0.256564
0.088918  0.270540
0.089976  0.252959
0.091035  0.259966
0.092093  0.252114
0.093152  0.260128
0.094210  0.261825
0.095269  0.262596
0.096327  0.269046
0.097386  0.266114
0.098445  0.276437
0.099503  0.262647
0.100562  0.267025
0.101620  0.265121
0.102679  0.278228
0.103738  0.274423
0.104796  0.280527
0.105854  0.285503
0.106913  0.283315
0.107971  0.269838
0.109030  0.270496
0.110088  0.280956
0.111147  0.282793
0.112205  0.280597
0.113264  0.276220
0.114323  0.281338
0.115381  0.284497
0.116440  0.288910
0.117498  0.289064
0.118557  0.296168
0.119616  0.289424
0.120674  0.295679
0.121733  0.284575
0.122791  0.289728
0.123850  0.295056
0.124908  0.293061
0.125967  0.296208
0.127025  0.300781
0.128084  0.310099
0.129142  0.299963
0.130201  0.306058
0.131259  0.300682
0.132318  0.296319
0.133377  0.311207
0.134435  0.306537
0.135494  0.301262
0.136552  0.300506
0.137611  0.300362
0.138669  0.300121
0.139728  0.303631
0.140786  0.321005
0.141845  0.311006
0.142903  0.316203
0.143962  0.311562
0.145020  0.317793
0.146079  0.328586
0.147137  0.312738
0.148196  0.318602
0.149255  0.332211
0.150313  0.322681
0.151372  0.335486
0.152430  0.330766
0.153489  0.332252
0.154548  0.332557
0.155606  0.324491
0.156665  0.321389
0.157723  0.326537
0.158782  0.328130
0.159840  0.337343
0.160898  0.336676
0.161957  0.328081
0.163015  0.333716
0.164074  0.326279
0.165133  0.330906
0.166191  0.337204
0.167250  0.355006
0.168308  0.347595
0.169367  0.355498
0.170426  0.365254
0.171484  0.344401
0.172543  0.344907
0.173601  0.358819
0.174660  0.353474
0.175718  0.362150
0.176777  0.359499
0.177835  0.348427
0.178894  0.355708
0.179952  0.355446
0.181011  0.356970
0.182069  0.359548
0.183128  0.376229
0.184187  0.361567
0.185245  0.373651
0.186304  0.361282
0.187362  0.359619
0.188421  0.375283
0.189479  0.384329
0.190538  0.359711
0.191596  0.369493
0.192655  0.367121
0.193713  0.367269
0.194772  0.360845
0.195830  0.373990
0.196889  0.372565
0.197947  0.358985
0.199006  0.379677
0.200065  0.371845
0.201123  0.380007
0.202182  0.391793
0.203240  0.401388
0.204299  0.373092
0.205358  0.379232
0.206416  0.381472
0.207475  0.401977
0.208533  0.380082
0.209592  0.390184
0.210650  0.372494
0.211709  0.381004
0.212767  0.385559
0.213826  0.373634
0.214884  0.372434
0.215943  0.379966
0.217001  0.371243
0.218060  0.375761
0.219118  0.383121
0.220177  0.378658
0.221236  0.372567
0.222294  0.373327
0.223353  0.396014
0.224411  0.385781
0.225470  0.364541
0.226528  0.369740
0.227587  0.387604
0.228645  0.381320
0.229704  0.383219
0.230762  0.383932
0.231821  0.386382
0.232879  0.387716
0.233938  0.388621
0.234996  0.376213
0.236055  0.372941
0.237114  0.420516
0.238172  0.380013
0.239231  0.384520
0.240289  0.391826
0.241348  0.404515
0.242407  0.378230
0.243465  0.371866
0.244523  0.378861
0.245582  0.389063
0.246640  0.409316
0.247699  0.430544
0.248757  0.390622
0.249816  0.394594
0.250875  0.384870
0.251933  0.381428
0.252992  0.416507
0.254050  0.372562
0.255109  0.399549
0.256168  0.382379
0.257226  0.354296
0.258285  0.422160
0.259343  0.390807
0.260402  0.451605
0.261460  0.430623
0.262519  0.401486
0.263577  0.399462
0.264636  0.449941
0.265694  0.365286
0.266753  0.419496
0.267811  0.416607
0.268870  0.408675
0.269928  0.381920
0.270987  0.404124
0.272046  0.420124
0.273104  0.343837
0.274163  0.425909
0.275221  0.414495
0.276280  0.368648
0.277338  0.388476
0.278397  0.380202
0.279455  0.398519
0.280514  0.380431
0.281572  0.382515
0.282631  0.423839
0.283689  0.390766
0.284748  0.406807
0.285806  0.413521
0.286865  0.394622
0.287923  0.401514
0.290654  0.439367
0.293503  0.442234
0.296353  0.440486
0.299198  0.441244
0.302048  0.438309
0.304898  0.436990
0.307748  0.444508
0.310593  0.444570
0.313443  0.448037
0.316293  0.444786
0.319143  0.447905
0.321992  0.447233
0.324838  0.447975
0.327687  0.446537
0.330537  0.448544
0.333387  0.448751
0.336232  0.452872
0.339082  0.461477
0.341932  0.478013
0.344782  0.499080
0.347632  0.503142
0.350477  0.485007
0.353327  0.487528
0.356176  0.488974
0.359026  0.478146
0.361871  0.469866
0.364721  0.465572
0.367571  0.458596
0.370421  0.459925
0.373271  0.459824
0.376116  0.454887
0.378966  0.456941
0.381816  0.456611
0.384665  0.456671
0.387510  0.456849
0.390360  0.465872
0.393210  0.456294
0.396060  0.461588
0.398910  0.461792
0.401755  0.461644
0.404605  0.464944
0.407455  0.464281
0.410305  0.462685
0.413150  0.464032
0.415999  0.468060
0.418849  0.465046
0.421699  0.462858
0.424544  0.465317
0.427394  0.463953
0.430244  0.462344
0.433094  0.467263
0.435944  0.474047
0.438789  0.469346
0.441639  0.468944
0.444488  0.478665
0.447338  0.480737
0.450183  0.504062
0.453033  0.537139
0.455883  0.560728
0.458733  0.560234
0.461583  0.555728
0.464428  0.560477
0.467278  0.571024
0.470128  0.550687
0.472977  0.551389
0.475823  0.547188
0.478672  0.545805
0.481522  0.538754
0.484372  0.529561
0.487222  0.538595
0.490067  0.527121
0.492917  0.530574
0.495767  0.522272
0.498617  0.532413
0.501462  0.498044
0.504312  0.508447
0.507161  0.495519
0.510011  0.500784
0.512856  0.498306
0.515706  0.492699
0.518556  0.490723
0.521406  0.483919
0.524256  0.476748
0.527101  0.468307
0.529951  0.464688
0.532801  0.468187
0.535650  0.463182
0.538495  0.460998
0.541345  0.461015
0.544195  0.460581
0.547045  0.458619
0.549895  0.461477
0.552740  0.461895
0.555590  0.460897
0.558440  0.461352
0.561290  0.464672
0.564135  0.462810
0.566984  0.458519
0.569834  0.461951
0.572684  0.461191
0.575534  0.463132
0.578379  0.465397
0.581229  0.461881
0.584079  0.464716
0.586929  0.463756
0.589774  0.462660
0.592624  0.465074
0.595473  0.464819
0.598323  0.461730
0.601168  0.456979
0.604018  0.453220
0.606868  0.452000
0.609718  0.452629
0.612568  0.451617
0.615413  0.456735
0.618263  0.462687
0.621113  0.460239
0.623962  0.459074
0.626808  0.461218
0.629657  0.466049
0.632507  0.461275
0.635357  0.462427
0.638207  0.461906
0.641052  0.463743
0.643902  0.463210
0.646752  0.466851
0.649602  0.464874
0.652447  0.473902
0.655297  0.470833
0.658146  0.480062
0.660996  0.477795
0.663846  0.474671
0.666691  0.488026
0.669541  0.488254
0.672391  0.495520
0.675241  0.502657
0.678086  0.507471
0.680936  0.486564
0.683786  0.505321
0.686635  0.511150
0.689485  0.512947
0.692330  0.517323
0.695180  0.512778
0.698030  0.512304
0.700880  0.523642
0.703725  0.527259
0.706575  0.510409
0.709425  0.513304
0.712275  0.504612
0.715120  0.494028
0.717969  0.496015
0.720819  0.490180
0.723669  0.496225
0.726519  0.492918
0.729364  0.494394
0.732214  0.481803
0.735064  0.495138
0.737914  0.485396
0.740759  0.488056
0.743609  0.467254
0.746458  0.468892
0.749308  0.467430
0.752158  0.470989
0.755003  0.466098
0.757853  0.460725
0.760703  0.469035
0.763553  0.473564
0.766398  0.487542
0.769248  0.481239
0.772098  0.463113
0.774947  0.479451
0.777797  0.472232
0.780642  0.465797
0.783492  0.464503
0.786342  0.471682
0.789192  0.471666
0.792037  0.466200
0.794887  0.464589
0.797737  0.464543
0.800587  0.465289
0.803432  0.458668
0.806282  0.456694
0.809131  0.453285
0.811981  0.454022
0.814831  0.447416
0.817676  0.436238
0.820526  0.428546
0.823376  0.424483
0.826226  0.415659
0.829071  0.406290
0.831921  0.417768
0.834771  0.419170
0.837620  0.416138
0.840470  0.418436
0.843315  0.428533
0.846165  0.423250
0.849015  0.422867
0.851865  0.421306
0.854710  0.432083
0.857560  0.424295
0.860410  0.429693
0.863260  0.423185
0.866109  0.419176
0.868954  0.401487
0.871804  0.393601
0.874654  0.368078
0.877504  0.348293
0.880349  0.320555
0.883199  0.298598
0.886049  0.288045
0.888899  0.289488
0.891749  0.292312
0.894594  0.305669
0.897443  0.302252
0.900293  0.300274
0.903143  0.294990
0.905988  0.286014
0.908838  0.285014
0.911688  0.288321
0.914538  0.299633
0.917383  0.292470
0.920233  0.289318
0.923083  0.289077
0.925932  0.275045
0.928782  0.287143
0.931627  0.286670
0.934477  0.295027
0.937327  0.299360
0.940177  0.294675
0.943022  0.299183
0.945872  0.285916
0.948722  0.288035
0.951572  0.294234
0.954421  0.284704
0.957267  0.285929
0.960116  0.293962
0.962966  0.283423
0.965816  0.278845
0.968661  0.275658
0.971511  0.250280
0.974361  0.238973
0.977211  0.231821
0.980061  0.229727
0.982906  0.250751
0.985756  0.265395
0.988605  0.277670
0.991455  0.258241
0.994300  0.267791
0.997150  0.273194
1.000000  0.274003
