0.000000  0.106857
0.001059  0.137280
0.002117  0.120681
0.003176  0.180065
0.004234  0.177713
0.005293  0.151964
0.006351  0.163667
0.007410  0.149011
0.008468  0.144744
0.009527  0.132952
0.010586  0.116199
0.011644  0.143749
0.012703  0.137117
0.013761  0.152447
0.014820  0.139021
0.015879  0.158582
0.016937  0.157338
0.017996  0.157791
0.019054  0.161089
0.020113  0.159604
0.021171  0.143174
0.022229  0.164373
0.023288  0.165023
0.024346  0.159316
0.025405  0.168370
0.026464  0.178080
0.027522  0.169478
0.028581  0.192878
0.029639  0.175471
0.030698  0.191683
0.031757  0.182018
0.032815  0.187031
0.033874  0.188856
0.034932  0.186980
0.035991  0.189951
0.037049  0.195479
0.038108  0.195461
0.039166  0.189956
0.040225  0.188274
0.041283  0.188870
0.042342  0.189398
0.043400  0.197400
0.044459  0.197685
0.045517  0.213029
0.046576  0.199287
0.047635  0.215748
0.048693  0.201866
0.049752  0.215655
0.050810  0.214208
0.051869  0.218065
0.052927  0.218756
0.053986  0.220093
0.055044  0.226215
0.056103  0.236524
0.057161  0.225448
0.058220  0.236829
0.059278  0.223552
0.060337  0.227754
0.061396  0.234778
0.062454  0.240631
0.063513  0.238545
0.064571  0.244537
0.065630  0.245566
0.066688  0.251132
0.067747  0.243780
0.068806  0.256794
0.069864  0.260530
0.070923  0.255712
0.071981  0.259618
0.073040  0.262375
0.074098  0.267897
0.075157  0.271602
0.076215  0.266470
0.077274  0.273785
0.078332  0.267698
0.079391  0.277999
0.080449  0.279946
0.081508  0.287995
0.082567  0.290195
0.083625  0.284789
0.084684  0.276466
0.085742  0.290920
0.086801  0.288031
0.087859  0.300076
0.088918  0.308530
0.089976  0.293986
0.091035  0.297523
0.092093  0.307982
0.093152  0.293933
0.094210  0.305110
0.095269  0.308769
0.096327  0.313441
0.097386  0.315875
0.098445  0.322460
0.099503  0.317311
0.100562  0.314643
0.101620  0.318045
0.102679  0.327952
0.103738  0.312959
0.104796  0.314107
0.105854  0.312604
0.106913  0.301449
0.107971  0.321836
0.109030  0.319499
0.110088  0.315028
0.111147  0.330979
0.112205  0.327260
0.113264  0.329901
0.114323  0.320621
0.115381  0.324285
0.116440  0.334977
0.117498  0.325578
0.118557  0.328915
0.119616  0.329766
0.120674  0.324669
0.121733  0.344422
0.122791  0.336285
0.123850  0.332034
0.124908  0.330107
0.125967  0.333817
0.127025  0.339355
0.128084  0.332965
0.129142  0.338481
0.130201  0.348920
0.131259  0.340714
0.132318  0.337017
0.133377  0.340350
0.134435  0.338153
0.135494  0.347176
0.136552  0.336971
0.137611  0.350687
0.138669  0.352277
0.139728  0.358274
0.140786  0.343677
0.141845  0.344325
0.142903  0.364540
0.143962  0.360551
0.145020  0.343287
0.146079  0.347028
0.147137  0.368985
0.148196  0.358829
0.149255  0.363333
0.150313  0.354622
0.151372  0.367302
0.152430  0.378770
0.153489  0.366541
0.154548  0.373694
0.155606  0.369518
0.156665  0.367400
0.157723  0.360100
0.158782  0.371417
0.159840  0.369369
0.160898  0.366487
0.161957  0.374168
0.163015  0.390219
0.164074  0.365722
0.165133  0.386554
0.166191  0.374430
0.167250  0.380437
0.168308  0.377996
0.169367  0.386503
0.170426  0.392331
0.171484  0.397554
0.172543  0.394092
0.173601  0.401148
0.174660  0.390010
0.175718  0.376436
0.176777  0.377877
0.177835  0.388183
0.178894  0.388144
0.179952  0.397878
0.181011  0.388639
0.182069  0.413007
0.183128  0.388078
0.184187  0.406691
0.185245  0.418014
0.186304  0.383772
0.187362  0.393854
0.188421  0.399816
0.189479  0.392228
0.190538  0.377375
0.191596  0.402137
0.192655  0.392797
0.193713  0.395118
0.194772  0.396131
0.195830  0.423005
0.196889  0.393724
0.197947  0.408746
0.199006  0.403600
0.200065  0.422871
0.201123  0.381651
0.202182  0.389074
0.203240  0.407939
0.204299  0.410918
0.205358  0.414734
0.206416  0.420531
0.207475  0.403882
0.208533  0.402972
0.209592  0.410618
0.210650  0.402162
0.211709  0.402650
0.212767  0.407985
0.213826  0.411606
0.214884  0.425054
0.215943  0.398341
0.217001  0.405520
0.218060  0.419701
0.219118  0.419308
0.220177  0.415029
0.221236  0.427060
0.222294  0.424955
0.223353  0.409252
0.224411  0.415287
0.225470  0.405280
0.226528  0.390615
0.227587  0.411645
0.228645  0.438412
0.229704  0.415206
0.230762  0.434875
0.231821  0.414301
0.232879  0.436745
0.233938  0.443746
0.234996  0.409939
0.236055  0.398705
0.237114  0.447750
0.238172  0.425209
0.239231  0.434240
0.240289  0.405160
0.241348  0.431070
0.242407  0.431620
0.243465  0.394672
0.244523  0.423070
0.245582  0.416999
0.246640  0.424462
0.247699  0.431318
0.248757  0.420872
0.249816  0.415276
0.250875  0.434577
0.251933  0.418356
0.252992  0.460913
0.254050  0.392557
0.255109  0.401338
0.256168  0.425894
0.257226  0.405031
0.258285  0.431741
0.259343  0.442598
0.260402  0.421879
0.261460  0.440371
0.262519  0.412276
0.263577  0.432194
0.264636  0.392189
0.265694  0.456208
0.266753  0.425559
0.267811  0.471208
0.268870  0.433029
0.269928  0.409311
0.270987  0.472325
0.272046  0.433871
0.273104  0.445605
0.274163  0.434148
0.275221  0.464105
0.276280  0.451774
0.277338  0.407053
0.278397  0.472102
0.279455  0.403482
0.280514  0.410895
0.281572  0.401520
0.282631  0.400917
0.283689  0.428009
0.284748  0.444634
0.285806  0.395504
0.286865  0.439636
0.287923  0.450584
0.290654  0.471992
0.293503  0.471753
0.296353  0.473204
0.299198  0.474114
0.302048  0.474436
0.304898  0.474847
0.307748  0.476667
0.310593  0.475674
0.313443  0.475490
0.316293  0.477795
0.319143  0.479708
0.321992  0.480555
0.324838  0.480697
0.327687  0.481059
0.330537  0.482844
0.333387  0.484183
0.336232  0.490741
0.339082  0.497323
0.341932  0.508802
0.344782  0.512071
0.347632  0.513433
0.350477  0.508585
0.353327  0.500681
0.356176  0.500845
0.359026  0.494548
0.361871  0.491226
0.364721  0.491359
0.367571  0.490783
0.370421  0.490318
0.373271  0.489715
0.376116  0.491084
0.378966  0.488376
0.381816  0.489041
0.384665  0.490404
0.387510  0.492814
0.390360  0.493129
0.393210  0.493518
0.396060  0.493813
0.398910  0.494048
0.401755  0.495510
0.404605  0.494060
0.407455  0.496231
0.410305  0.494012
0.413150  0.494193
0.415999  0.496909
0.418849  0.496597
0.421699  0.499218
0.424544  0.494679
0.427394  0.499422
0.430244  0.503439
0.433094  0.498367
0.435944  0.504137
0.438789  0.503194
0.441639  0.504925
0.444488  0.511496
0.447338  0.513503
0.450183  0.525580
0.453033  0.535357
0.455883  0.537663
0.458733  0.532252
0.461583  0.543627
0.464428  0.539248
0.467278  0.530091
0.470128  0.524530
0.472977  0.520455
0.475823  0.525721
0.478672  0.521138
0.481522  0.515562
0.484372  0.516755
0.487222  0.519390
0.490067  0.518412
0.492917  0.514130
0.495767  0.514646
0.498617  0.512134
0.501462  0.508289
0.504312  0.509265
0.507161  0.512665
0.510011  0.507637
0.512856  0.506872
0.515706  0.502413
0.518556  0.500333
0.521406  0.497968
0.524256  0.501460
0.527101  0.501980
0.529951  0.500289
0.532801  0.502581
0.535650  0.500580
0.538495  0.499862
0.541345  0.498063
0.544195  0.500893
0.547045  0.498547
0.549895  0.499266
0.552740  0.500786
0.555590  0.501224
0.558440  0.501245
0.561290  0.503342
0.564135  0.504594
0.566984  0.502359
0.569834  0.501891
0.572684  0.500991
0.575534  0.501340
0.578379  0.500052
0.581229  0.504968
0.584079  0.503678
0.586929  0.501868
0.589774  0.500203
0.592624  0.501776
0.595473  0.502128
0.598323  0.497818
0.601168  0.493928
0.604018  0.489642
0.606868  0.487945
0.609718  0.488493
0.612568  0.492212
0.615413  0.494659
0.618263  0.498681
0.621113  0.496867
0.623962  0.498203
0.626808  0.498445
0.629657  0.502712
0.632507  0.497615
0.635357  0.495864
0.638207  0.495026
0.641052  0.497425
0.643902  0.498147
0.646752  0.502636
0.649602  0.500826
0.652447  0.502997
0.655297  0.501480
0.658146  0.502776
0.660996  0.501299
0.663846  0.495035
0.666691  0.490727
0.669541  0.485759
0.672391  0.492330
0.675241  0.490700
0.678086  0.485873
0.680936  0.485340
0.683786  0.484585
0.686635  0.486955
0.689485  0.490300
0.692330  0.491900
0.695180  0.492965
0.698030  0.496177
0.700880  0.490572
0.703725  0.492650
0.706575  0.485685
0.709425  0.484674
0.712275  0.478134
0.715120  0.470476
0.717969  0.458128
0.720819  0.457857
0.723669  0.461099
0.726519  0.469679
0.729364  0.464158
0.732214  0.463041
0.735064  0.458661
0.737914  0.459202
0.740759  0.454151
0.743609  0.459982
0.746458  0.467937
0.749308  0.474800
0.752158  0.480201
0.755003  0.486890
0.757853  0.490898
0.760703  0.488299
0.763553  0.488116
0.766398  0.487870
0.769248  0.491093
0.772098  0.486610
0.774947  0.489115
0.777797  0.494352
0.780642  0.491500
0.783492  0.489264
0.786342  0.487402
0.789192  0.486883
0.792037  0.485936
0.794887  0.499642
0.797737  0.485730
0.800587  0.481120
0.803432  0.475504
0.806282  0.478858
0.809131  0.476645
0.811981  0.477753
0.814831  0.472267
0.817676  0.466635
0.820526  0.453862
0.823376  0.443243
0.826226  0.435583
0.829071  0.434551
0.831921  0.440108
0.834771  0.438385
0.837620  0.438102
0.840470  0.443814
0.843315  0.451571
0.846165  0.444327
0.849015  0.443271
0.851865  0.444170
0.854710  0.446573
0.857560  0.445512
0.860410  0.445404
0.863260  0.447780
0.866109  0.439800
0.868954  0.427986
0.871804  0.405253
0.874654  0.386041
0.877504  0.364859
0.880349  0.334017
0.883199  0.313159
0.886049  0.298045
0.888899  0.302939
0.891749  0.309996
0.894594  0.319047
0.897443  0.321301
0.900293  0.313950
0.903143  0.305152
0.905988  0.295354
0.908838  0.296386
0.911688  0.295561
0.914538  0.302622
0.917383  0.297015
0.920233  0.295889
0.923083  0.293637
0.925932  0.284916
0.928782  0.285918
0.931627  0.285973
0.934477  0.289837
0.937327  0.289599
0.940177  0.293142
0.943022  0.293894
0.945872  0.288069
0.948722  0.288440
0.951572  0.287232
0.954421  0.281040
0.957267  0.283708
0.960116  0.279639
0.962966  0.280129
0.965816  0.272634
0.968661  0.259929
0.971511  0.239236
0.974361  0.233092
0.977211  0.227714
0.980061  0.233422
0.982906  0.247031
0.985756  0.257253
0.988605  0.250554
0.991455  0.258089
0.994300  0.266657
0.997150  0.265312
1.000000  0.272624
