0.000000  0.052324
0.001059  0.121949
0.002117  0.183040
0.003176  0.108034
0.004234  0.173564
0.005293  0.157125
0.006351  0.157593
0.007410  0.143072
0.008468  0.148815
0.009527  0.141242
0.010586  0.148562
0.011644  0.123445
0.012703  0.139413
0.013761  0.137704
0.014820  0.135447
0.015879  0.157758
0.016937  0.133410
0.017996  0.148962
0.019054  0.150090
0.020113  0.154842
0.021171  0.149947
0.022229  0.164197
0.023288  0.167360
0.024346  0.172849
0.025405  0.168233
0.026464  0.166242
0.027522  0.173563
0.028581  0.168457
0.029639  0.177468
0.030698  0.181731
0.031757  0.186161
0.032815  0.193973
0.033874  0.188407
0.034932  0.184796
0.035991  0.185691
0.037049  0.185779
0.038108  0.181553
0.039166  0.190304
0.040225  0.185778
0.041283  0.201371
0.042342  0.191118
0.043400  0.198705
0.044459  0.188246
0.045517  0.200077
0.046576  0.203299
0.047635  0.205546
0.048693  0.203829
0.049752  0.214695
0.050810  0.207258
0.051869  0.219635
0.052927  0.213137
0.053986  0.224137
0.055044  0.225804
0.056103  0.234301
0.057161  0.223851
0.058220  0.229814
0.059278  0.228223
0.060337  0.237160
0.061396  0.233144
0.062454  0.231784
0.063513  0.242114
0.064571  0.246405
0.065630  0.235780
0.066688  0.249889
0.067747  0.249633
0.068806  0.261197
0.069864  0.265110
0.070923  0.264243
0.071981  0.258251
0.073040  0.267477
0.074098  0.256036
0.075157  0.256905
0.076215  0.276236
0.077274  0.266707
0.078332  0.264846
0.079391  0.282553
0.080449  0.286518
0.081508  0.290275
0.082567  0.281892
0.083625  0.287867
0.084684  0.290425
0.085742  0.291342
0.086801  0.295543
0.087859  0.299387
0.088918  0.285171
0.089976  0.302587
0.091035  0.295051
0.092093  0.302632
0.093152  0.298787
0.094210  0.311220
0.095269  0.322094
0.096327  0.306658
0.097386  0.303455
0.098445  0.318700
0.099503  0.303963
0.100562  0.309425
0.101620  0.308444
0.102679  0.312419
0.103738  0.311947
0.104796  0.301196
0.105854  0.317964
0.106913  0.321965
0.107971  0.314964
0.109030  0.328524
0.110088  0.327529
0.111147  0.310776
0.112205  0.314744
0.113264  0.322172
0.114323  0.324970
0.115381  0.334804
0.116440  0.326706
0.117498  0.334846
0.118557  0.339996
0.119616  0.337894
0.120674  0.335061
0.121733  0.340542
0.122791  0.338383
0.123850  0.344230
0.124908  0.349567
0.125967  0.349066
0.127025  0.327492
0.128084  0.341333
0.129142  0.341696
0.130201  0.353701
0.131259  0.340141
0.132318  0.339482
0.133377  0.360134
0.134435  0.358639
0.135494  0.343944
0.136552  0.354141
0.137611  0.354816
0.138669  0.351456
0.139728  0.352016
0.140786  0.345822
0.141845  0.354501
0.142903  0.357459
0.143962  0.354820
0.145020  0.355721
0.146079  0.359977
0.147137  0.361494
0.148196  0.363188
0.149255  0.370241
0.150313  0.355994
0.151372  0.358655
0.152430  0.369937
0.153489  0.357680
0.154548  0.379090
0.155606  0.361730
0.156665  0.391418
0.157723  0.376796
0.158782  0.381905
0.159840  0.362289
0.160898  0.375796
0.161957  0.371911
0.163015  0.374957
0.164074  0.374271
0.165133  0.375140
0.166191  0.391170
0.167250  0.396331
0.168308  0.379568
0.169367  0.394146
0.170426  0.382703
0.171484  0.388496
0.172543  0.400806
0.173601  0.398310
0.174660  0.396583
0.175718  0.376018
0.176777  0.401044
0.177835  0.401008
0.178894  0.396808
0.179952  0.399259
0.181011  0.394656
0.182069  0.388400
0.183128  0.394560
0.184187  0.390895
0.185245  0.411562
0.186304  0.396566
0.187362  0.397468
0.188421  0.383774
0.189479  0.400473
0.190538  0.398650
0.191596  0.407667
0.192655  0.391594
0.193713  0.390332
0.194772  0.408977
0.195830  0.418329
0.196889  0.403122
0.197947  0.426049
0.199006  0.393810
0.200065  0.409877
0.201123  0.415486
0.202182  0.427752
0.203240  0.415979
0.204299  0.420423
0.205358  0.403771
0.206416  0.416413
0.207475  0.440161
0.208533  0.416735
0.209592  0.422153
0.210650  0.413295
0.211709  0.391471
0.212767  0.419085
0.213826  0.421480
0.214884  0.404922
0.215943  0.419715
0.217001  0.406291
0.218060  0.421167
0.219118  0.422974
0.220177  0.431915
0.221236  0.424121
0.222294  0.427292
0.223353  0.415151
0.224411  0.427684
0.225470  0.408430
0.226528  0.412769
0.227587  0.403751
0.228645  0.421744
0.229704  0.412599
0.230762  0.426682
0.231821  0.402403
0.232879  0.411511
0.233938  0.431198
0.234996  0.395111
0.236055  0.417362
0.237114  0.440035
0.238172  0.403935
0.239231  0.418072
0.240289  0.415403
0.241348  0.401812
0.242407  0.397172
0.243465  0.401699
0.244523  0.411980
0.245582  0.437600
0.246640  0.414107
0.247699  0.378323
0.248757  0.443983
0.249816  0.430483
0.250875  0.436623
0.251933  0.411307
0.252992  0.451547
0.254050  0.311892
0.255109  0.489487
0.256168  0.434850
0.257226  0.395947
0.258285  0.492660
0.259343  0.438641
0.260402  0.407468
0.261460  0.446110
0.262519  0.423067
0.263577  0.421954
0.264636  0.426221
0.265694  0.463366
0.266753  0.446938
0.267811  0.388572
0.268870  0.449540
0.269928  0.469601
0.270987  0.425443
0.272046  0.435704
0.273104  0.468805
0.274163  0.498774
0.275221  0.497381
0.276280  0.440769
0.277338  0.433265
0.278397  0.462235
0.279455  0.483255
0.280514  0.470767
0.281572  0.451284
0.282631  0.426836
0.283689  0.431737
0.284748  0.479581
0.285806  0.426681
0.286865  0.439256
0.287923  0.430703
0.290654  0.453466
0.293503  0.455191
0.296353  0.455561
0.299198  0.455840
0.302048  0.456836
0.304898  0.458176
0.307748  0.457556
0.310593  0.459345
0.313443  0.461280
0.316293  0.460993
0.319143  0.462549
0.321992  0.463500
0.324838  0.463269
0.327687  0.464219
0.330537  0.465349
0.333387  0.468091
0.336232  0.471484
0.339082  0.475516
0.341932  0.482674
0.344782  0.496706
0.347632  0.497137
0.350477  0.489040
0.353327  0.481743
0.356176  0.484895
0.359026  0.479647
0.361871  0.476674
0.364721  0.472211
0.367571  0.471526
0.370421  0.468661
0.373271  0.470365
0.376116  0.468446
0.378966  0.468867
0.381816  0.471538
0.384665  0.472596
0.387510  0.473005
0.390360  0.473510
0.393210  0.473023
0.396060  0.475949
0.398910  0.476056
0.401755  0.476088
0.404605  0.476007
0.407455  0.475406
0.410305  0.477589
0.413150  0.476360
0.415999  0.479801
0.418849  0.480231
0.421699  0.477467
0.424544  0.481219
0.427394  0.482117
0.430244  0.483105
0.433094  0.482809
0.435944  0.485905
0.438789  0.488595
0.441639  0.490336
0.444488  0.494172
0.447338  0.498436
0.450183  0.505636
0.453033  0.514633
0.455883  0.524719
0.458733  0.517963
0.461583  0.521716
0.464428  0.524745
0.467278  0.522639
0.470128  0.516098
0.472977  0.515489
0.475823  0.512400
0.478672  0.514001
0.481522  0.512195
0.484372  0.505776
0.487222  0.502099
0.490067  0.505013
0.492917  0.502183
0.495767  0.496789
0.498617  0.496236
0.501462  0.494471
0.504312  0.493730
0.507161  0.495321
0.510011  0.493637
0.512856  0.489715
0.515706  0.489057
0.518556  0.484077
0.521406  0.484313
0.524256  0.483377
0.527101  0.479556
0.529951  0.481254
0.532801  0.480615
0.535650  0.477799
0.538495  0.479342
0.541345  0.477206
0.544195  0.477645
0.547045  0.478201
0.549895  0.478138
0.552740  0.476562
0.555590  0.478596
0.558440  0.478723
0.561290  0.480153
0.564135  0.480812
0.566984  0.480540
0.569834  0.479439
0.572684  0.481224
0.575534  0.482366
0.578379  0.483380
0.581229  0.481479
0.584079  0.481744
0.586929  0.480640
0.589774  0.477336
0.592624  0.481410
0.595473  0.480958
0.598323  0.478289
0.601168  0.473681
0.604018  0.465027
0.606868  0.466807
0.609718  0.470682
0.612568  0.472197
0.615413  0.473279
0.618263  0.473394
0.621113  0.475716
0.623962  0.476600
0.626808  0.477300
0.629657  0.476297
0.632507  0.475584
0.635357  0.474965
0.638207  0.474141
0.641052  0.474549
0.643902  0.476386
0.646752  0.479361
0.649602  0.479888
0.652447  0.477448
0.655297  0.483412
0.658146  0.480089
0.660996  0.477802
0.663846  0.481107
0.666691  0.477863
0.669541  0.476096
0.672391  0.467899
0.675241  0.470471
0.678086  0.469622
0.680936  0.473145
0.683786  0.468421
0.686635  0.472457
0.689485  0.477523
0.692330  0.484549
0.695180  0.480213
0.698030  0.476067
0.700880  0.475247
0.703725  0.479009
0.706575  0.477153
0.709425  0.473861
0.712275  0.464040
0.715120  0.455865
0.717969  0.449365
0.720819  0.450480
0.723669  0.447652
0.726519  0.451254
0.729364  0.450483
0.732214  0.453620
0.735064  0.445442
0.737914  0.445981
0.740759  0.444854
0.743609  0.447231
0.746458  0.453963
0.749308  0.458411
0.752158  0.459544
0.755003  0.463979
0.757853  0.465443
0.760703  0.467269
0.763553  0.465104
0.766398  0.467407
0.769248  0.464160
0.772098  0.466073
0.774947  0.473229
0.777797  0.468805
0.780642  0.467981
0.783492  0.470395
0.786342  0.468230
0.789192  0.466167
0.792037  0.465582
0.794887  0.461180
0.797737  0.457641
0.800587  0.457356
0.803432  0.456100
0.806282  0.456361
0.809131  0.456938
0.811981  0.455570
0.814831  0.448994
0.817676  0.444463
0.820526  0.429429
0.823376  0.420080
0.826226  0.412207
0.829071  0.412470
0.831921  0.415737
0.834771  0.416134
0.837620  0.418405
0.840470  0.416508
0.843315  0.294530
0.846165  0.424122
0.849015  0.419254
0.851865  0.423086
0.854710  0.423125
0.857560  0.421757
0.860410  0.427353
0.863260  0.421810
0.866109  0.417824
0.868954  0.405678
0.871804  0.388177
0.874654  0.370250
0.877504  0.343088
0.880349  0.321442
0.883199  0.297158
0.886049  0.286615
0.888899  0.287809
0.891749  0.292976
0.894594  0.301421
0.897443  0.305922
0.900293  0.303214
0.903143  0.292649
0.905988  0.279471
0.908838  0.281958
0.911688  0.281157
0.914538  0.286815
0.917383  0.282251
0.920233  0.283852
0.923083  0.275737
0.925932  0.271573
0.928782  0.275907
0.931627  0.273085
0.934477  0.276051
0.937327  0.277600
0.940177  0.280664
0.943022  0.277819
0.945872  0.276373
0.948722  0.269244
0.951572  0.273068
0.954421  0.265293
0.957267  0.273894
0.960116  0.266023
0.962966  0.264718
0.965816  0.259155
0.968661  0.256336
0.971511  0.234899
0.974361  0.217204
0.977211  0.215719
0.980061  0.223681
0.982906  0.236223
0.985756  0.240548
0.988605  0.239928
0.991455  0.249120
0.994300  0.257042
0.997150  0.258716
1.000000  0.263649
