0.000000  0.125036
0.001059  0.126734
0.002117  0.143331
0.003176  0.158631
0.004234  0.151006
0.005293  0.138523
0.006351  0.133628
0.007410  0.144187
0.008468  0.132222
0.009527  0.124068
0.010586  0.127900
0.011644  0.131069
0.012703  0.134361
0.013761  0.134941
0.014820  0.141843
0.015879  0.139064
0.016937  0.136993
0.017996  0.146914
0.019054  0.141016
0.020113  0.148514
0.021171  0.148485
0.022229  0.150870
0.023288  0.152610
0.024346  0.157238
0.025405  0.162267
0.026464  0.162377
0.027522  0.159007
0.028581  0.167191
0.029639  0.166326
0.030698  0.166646
0.031757  0.161362
0.032815  0.170948
0.033874  0.169613
0.034932  0.171694
0.035991  0.174251
0.037049  0.173966
0.038108  0.172411
0.039166  0.174694
0.040225  0.171527
0.041283  0.177333
0.042342  0.175622
0.043400  0.184733
0.044459  0.175638
0.045517  0.188467
0.046576  0.181402
0.047635  0.187786
0.048693  0.187518
0.049752  0.196792
0.050810  0.188805
0.051869  0.195926
0.052927  0.191760
0.053986  0.204215
0.055044  0.201302
0.056103  0.209616
0.057161  0.206499
0.058220  0.210658
0.059278  0.207456
0.060337  0.214900
0.061396  0.214310
0.062454  0.220288
0.063513  0.220134
0.064571  0.222498
0.065630  0.218842
0.066688  0.227959
0.067747  0.224288
0.068806  0.237121
0.069864  0.231944
0.070923  0.239163
0.071981  0.238067
0.073040  0.241368
0.074098  0.240744
0.075157  0.252224
0.076215  0.244729
0.077274  0.252311
0.078332  0.250922
0.079391  0.253167
0.080449  0.257042
0.081508  0.257649
0.082567  0.258286
0.083625  0.265603
0.084684  0.265994
0.085742  0.273199
0.086801  0.264184
0.087859  0.275104
0.088918  0.275401
0.089976  0.272195
0.091035  0.277438
0.092093  0.278637
0.093152  0.270068
0.094210  0.275109
0.095269  0.280686
0.096327  0.285254
0.097386  0.278887
0.098445  0.281332
0.099503  0.288202
0.100562  0.283287
0.101620  0.288917
0.102679  0.293173
0.103738  0.286765
0.104796  0.292544
0.105854  0.294143
0.106913  0.296191
0.107971  0.296198
0.109030  0.298728
0.110088  0.296188
0.111147  0.302958
0.112205  0.299279
0.113264  0.304712
0.114323  0.302570
0.115381  0.308703
0.116440  0.308125
0.117498  0.309050
0.118557  0.304801
0.119616  0.315411
0.120674  0.302115
0.121733  0.310629
0.122791  0.312589
0.123850  0.310487
0.124908  0.314792
0.125967  0.319099
0.127025  0.316889
0.128084  0.325511
0.129142  0.317606
0.130201  0.322774
0.131259  0.325043
0.132318  0.324973
0.133377  0.318024
0.134435  0.324436
0.135494  0.320947
0.136552  0.328188
0.137611  0.324721
0.138669  0.332890
0.139728  0.326922
0.140786  0.339253
0.141845  0.333599
0.142903  0.340408
0.143962  0.335373
0.145020  0.337538
0.146079  0.334910
0.147137  0.338980
0.148196  0.341115
0.149255  0.343294
0.150313  0.343935
0.151372  0.350739
0.152430  0.345775
0.153489  0.348598
0.154548  0.346850
0.155606  0.351355
0.156665  0.348292
0.157723  0.355105
0.158782  0.355136
0.159840  0.355658
0.160898  0.354109
0.161957  0.358473
0.163015  0.358386
0.164074  0.359800
0.165133  0.353696
0.166191  0.357692
0.167250  0.361154
0.168308  0.359671
0.169367  0.360390
0.170426  0.370391
0.171484  0.364208
0.172543  0.371034
0.173601  0.365074
0.174660  0.375732
0.175718  0.372039
0.176777  0.377824
0.177835  0.372555
0.178894  0.371715
0.179952  0.382490
0.181011  0.375996
0.182069  0.376639
0.183128  0.377424
0.184187  0.384672
0.185245  0.381619
0.186304  0.375773
0.187362  0.383134
0.188421  0.389363
0.189479  0.396653
0.190538  0.386246
0.191596  0.393260
0.192655  0.389502
0.193713  0.392020
0.194772  0.392778
0.195830  0.388164
0.196889  0.387351
0.197947  0.395356
0.199006  0.391970
0.200065  0.389816
0.201123  0.387463
0.202182  0.398890
0.203240  0.399762
0.204299  0.392092
0.205358  0.389730
0.206416  0.388983
0.207475  0.393590
0.208533  0.391030
0.209592  0.391058
0.210650  0.380796
0.211709  0.389146
0.212767  0.392117
0.213826  0.397079
0.214884  0.397295
0.215943  0.402622
0.217001  0.386459
0.218060  0.407254
0.219118  0.403729
0.220177  0.400586
0.221236  0.397541
0.222294  0.405093
0.223353  0.409136
0.224411  0.401149
0.225470  0.391890
0.226528  0.398766
0.227587  0.402594
0.228645  0.408649
0.229704  0.396995
0.230762  0.397015
0.231821  0.406114
0.232879  0.414065
0.233938  0.401789
0.234996  0.402601
0.236055  0.395021
0.237114  0.404402
0.238172  0.402488
0.239231  0.399775
0.240289  0.397228
0.241348  0.395527
0.242407  0.389057
0.243465  0.396928
0.244523  0.388205
0.245582  0.381859
0.246640  0.394205
0.247699  0.397993
0.248757  0.397194
0.249816  0.391179
0.250875  0.393722
0.251933  0.399636
0.252992  0.405159
0.254050  0.404091
0.255109  0.401406
0.256168  0.413743
0.257226  0.418196
0.258285  0.428220
0.259343  0.403072
0.260402  0.403885
0.261460  0.419457
0.262519  0.424096
0.263577  0.405879
0.264636  0.431735
0.265694  0.419259
0.266753  0.409295
0.267811  0.412701
0.268870  0.419552
0.269928  0.418800
0.270987  0.424339
0.272046  0.416230
0.273104  0.411819
0.274163  0.421597
0.275221  0.403013
0.276280  0.410687
0.277338  0.420387
0.278397  0.418152
0.279455  0.403675
0.280514  0.419383
0.281572  0.420503
0.282631  0.419750
0.283689  0.403052
0.284748  0.407077
0.285806  0.422912
0.286865  0.398387
0.287923  0.402277
0.290654  0.460782
0.293503  0.463856
0.296353  0.461840
0.299198  0.464592
0.302048  0.466504
0.304898  0.468562
0.307748  0.463843
0.310593  0.469914
0.313443  0.468761
0.316293  0.467839
0.319143  0.469148
0.321992  0.473479
0.324838  0.471926
0.327687  0.471278
0.330537  0.471987
0.333387  0.473951
0.336232  0.481269
0.339082  0.481654
0.341932  0.492095
0.344782  0.501864
0.347632  0.501152
0.350477  0.512604
0.353327  0.498090
0.356176  0.501585
0.359026  0.492398
0.361871  0.485401
0.364721  0.483513
0.367571  0.480792
0.370421  0.479986
0.373271  0.476877
0.376116  0.475358
0.378966  0.478071
0.381816  0.477882
0.384665  0.482240
0.387510  0.480910
0.390360  0.483286
0.393210  0.485793
0.396060  0.483094
0.398910  0.483611
0.401755  0.485382
0.404605  0.485673
0.407455  0.487690
0.410305  0.487654
0.413150  0.485116
0.415999  0.484889
0.418849  0.489942
0.421699  0.488262
0.424544  0.490050
0.427394  0.492334
0.430244  0.487739
0.433094  0.488958
0.435944  0.488448
0.438789  0.496142
0.441639  0.498980
0.444488  0.503541
0.447338  0.501113
0.450183  0.506740
0.453033  0.527976
0.455883  0.532022
0.458733  0.532232
0.461583  0.533647
0.464428  0.544902
0.467278  0.527038
0.470128  0.528040
0.472977  0.523687
0.475823  0.528707
0.478672  0.520462
0.481522  0.529791
0.484372  0.529989
0.487222  0.522886
0.490067  0.512788
0.492917  0.511411
0.495767  0.507165
0.498617  0.514743
0.501462  0.511804
0.504312  0.506011
0.507161  0.503770
0.510011  0.496455
0.512856  0.499664
0.515706  0.485253
0.518556  0.487260
0.521406  0.488011
0.524256  0.487382
0.527101  0.487367
0.529951  0.482269
0.532801  0.486430
0.535650  0.478013
0.538495  0.481369
0.541345  0.477313
0.544195  0.479748
0.547045  0.482072
0.549895  0.484918
0.552740  0.482166
0.555590  0.484163
0.558440  0.482250
0.561290  0.486355
0.564135  0.483899
0.566984  0.485283
0.569834  0.488428
0.572684  0.483629
0.575534  0.486439
0.578379  0.489621
0.581229  0.488300
0.584079  0.489672
0.586929  0.490469
0.589774  0.485638
0.592624  0.486957
0.595473  0.486350
0.598323  0.486138
0.601168  0.482599
0.604018  0.472332
0.606868  0.468767
0.609718  0.476226
0.612568  0.480945
0.615413  0.478995
0.618263  0.477476
0.621113  0.480542
0.623962  0.481890
0.626808  0.478915
0.629657  0.479351
0.632507  0.480722
0.635357  0.480630
0.638207  0.481250
0.641052  0.482279
0.643902  0.483098
0.646752  0.484071
0.649602  0.488429
0.652447  0.485367
0.655297  0.490678
0.658146  0.487725
0.660996  0.485845
0.663846  0.494989
0.666691  0.471851
0.669541  0.483880
0.672391  0.486964
0.675241  0.474909
0.678086  0.487817
0.680936  0.480705
0.683786  0.463499
0.686635  0.476780
0.689485  0.477393
0.692330  0.486825
0.695180  0.487770
0.698030  0.485566
0.700880  0.481075
0.703725  0.496184
0.706575  0.483142
0.709425  0.477799
0.712275  0.476022
0.715120  0.461965
0.717969  0.448722
0.720819  0.478613
0.723669  0.461018
0.726519  0.457895
0.729364  0.472577
0.732214  0.470817
0.735064  0.465326
0.737914  0.455773
0.740759  0.451883
0.743609  0.444783
0.746458  0.464180
0.749308  0.466587
0.752158  0.462584
0.755003  0.470954
0.757853  0.475023
0.760703  0.471103
0.763553  0.468725
0.766398  0.470451
0.769248  0.475400
0.772098  0.478883
0.774947  0.468167
0.777797  0.479860
0.780642  0.475047
0.783492  0.467980
0.786342  0.470548
0.789192  0.473567
0.792037  0.474925
0.794887  0.471944
0.797737  0.462932
0.800587  0.465804
0.803432  0.462239
0.806282  0.460894
0.809131  0.463922
0.811981  0.459760
0.814831  0.459926
0.817676  0.452031
0.820526  0.437010
0.823376  0.420591
0.826226  0.413643
0.829071  0.420805
0.831921  0.423488
0.834771  0.423497
0.837620  0.426740
0.840470  0.428074
0.843315  0.432736
0.846165  0.435328
0.849015  0.429898
0.851865  0.432947
0.854710  0.428563
0.857560  0.442187
0.860410  0.439067
0.863260  0.436249
0.866109  0.423319
0.868954  0.413224
0.871804  0.393391
0.874654  0.368343
0.877504  0.342784
0.880349  0.326987
0.883199  0.300839
0.886049  0.291106
0.888899  0.291911
0.891749  0.298453
0.894594  0.303810
0.897443  0.308422
0.900293  0.303875
0.903143  0.296493
0.905988  0.284433
0.908838  0.287755
0.911688  0.292861
0.914538  0.288588
0.917383  0.287195
0.920233  0.281469
0.923083  0.290786
0.925932  0.275643
0.928782  0.276278
0.931627  0.277828
0.934477  0.284614
0.937327  0.289087
0.940177  0.285157
0.943022  0.287749
0.945872  0.279941
0.948722  0.275689
0.951572  0.272267
0.954421  0.276414
0.957267  0.273272
0.960116  0.267873
0.962966  0.276895
0.965816  0.268039
0.968661  0.261244
0.971511  0.241329
0.974361  0.225755
0.977211  0.232102
0.980061  0.221152
0.982906  0.238271
0.985756  0.244703
0.988605  0.262388
0.991455  0.254490
0.994300  0.266141
0.997150  0.270465
1.000000  0.278367
