0.000000  0.074825
0.001059  0.160086
0.002117  0.143833
0.003176  0.130004
0.004234  0.158669
0.005293  0.157851
0.006351  0.133725
0.007410  0.120946
0.008468  0.121046
0.009527  0.148068
0.010586  0.113517
0.011644  0.138702
0.012703  0.132989
0.013761  0.146667
0.014820  0.133802
0.015879  0.139404
0.016937  0.133537
0.017996  0.137406
0.019054  0.140422
0.020113  0.141307
0.021171  0.154291
0.022229  0.148208
0.023288  0.161305
0.024346  0.166842
0.025405  0.169437
0.026464  0.170079
0.027522  0.165396
0.028581  0.171304
0.029639  0.174013
0.030698  0.166119
0.031757  0.161646
0.032815  0.181511
0.033874  0.164623
0.034932  0.171417
0.035991  0.175266
0.037049  0.179355
0.038108  0.170441
0.039166  0.169057
0.040225  0.177911
0.041283  0.188722
0.042342  0.178884
0.043400  0.192851
0.044459  0.180871
0.045517  0.181887
0.046576  0.192220
0.047635  0.200473
0.048693  0.189748
0.049752  0.203177
0.050810  0.193774
0.051869  0.198946
0.052927  0.197272
0.053986  0.211598
0.055044  0.199027
0.056103  0.211077
0.057161  0.208563
0.058220  0.200615
0.059278  0.211633
0.060337  0.219018
0.061396  0.213464
0.062454  0.230621
0.063513  0.216800
0.064571  0.228699
0.065630  0.232026
0.066688  0.229417
0.067747  0.223557
0.068806  0.243179
0.069864  0.225659
0.070923  0.241840
0.071981  0.244379
0.073040  0.246962
0.074098  0.243635
0.075157  0.255900
0.076215  0.248771
0.077274  0.256174
0.078332  0.269568
0.079391  0.262927
0.080449  0.266276
0.081508  0.257476
0.082567  0.271057
0.083625  0.261564
0.084684  0.281997
0.085742  0.274720
0.086801  0.273005
0.087859  0.280463
0.088918  0.283822
0.089976  0.286081
0.091035  0.279000
0.092093  0.284782
0.093152  0.276602
0.094210  0.286947
0.095269  0.299842
0.096327  0.285436
0.097386  0.285165
0.098445  0.294113
0.099503  0.288042
0.100562  0.281570
0.101620  0.287198
0.102679  0.300546
0.103738  0.301062
0.104796  0.297433
0.105854  0.303542
0.106913  0.292448
0.107971  0.307544
0.109030  0.303645
0.110088  0.315019
0.111147  0.301462
0.112205  0.302067
0.113264  0.309561
0.114323  0.311547
0.115381  0.304466
0.116440  0.310906
0.117498  0.311254
0.118557  0.315154
0.119616  0.313750
0.120674  0.314266
0.121733  0.310700
0.122791  0.335312
0.123850  0.323145
0.124908  0.314175
0.125967  0.312144
0.127025  0.324117
0.128084  0.321430
0.129142  0.321700
0.130201  0.321768
0.131259  0.337558
0.132318  0.324125
0.133377  0.324408
0.134435  0.339683
0.135494  0.323803
0.136552  0.332004
0.137611  0.329584
0.138669  0.326295
0.139728  0.336352
0.140786  0.331208
0.141845  0.352914
0.142903  0.340215
0.143962  0.332222
0.145020  0.343861
0.146079  0.331252
0.147137  0.340395
0.148196  0.336916
0.149255  0.340582
0.150313  0.351419
0.151372  0.360586
0.152430  0.343523
0.153489  0.348555
0.154548  0.345555
0.155606  0.349692
0.156665  0.355779
0.157723  0.350950
0.158782  0.361693
0.159840  0.370615
0.160898  0.354089
0.161957  0.353883
0.163015  0.353399
0.164074  0.361394
0.165133  0.363281
0.166191  0.354333
0.167250  0.357368
0.168308  0.362349
0.169367  0.344372
0.170426  0.369654
0.171484  0.355831
0.172543  0.373533
0.173601  0.379501
0.174660  0.385964
0.175718  0.364731
0.176777  0.362116
0.177835  0.368334
0.178894  0.374352
0.179952  0.369216
0.181011  0.370286
0.182069  0.383464
0.183128  0.376779
0.184187  0.385701
0.185245  0.385161
0.186304  0.385826
0.187362  0.388465
0.188421  0.386652
0.189479  0.397511
0.190538  0.386261
0.191596  0.379878
0.192655  0.388572
0.193713  0.391716
0.194772  0.383320
0.195830  0.381059
0.196889  0.385666
0.197947  0.386420
0.199006  0.381780
0.200065  0.404489
0.201123  0.387392
0.202182  0.387914
0.203240  0.387767
0.204299  0.388586
0.205358  0.383373
0.206416  0.384432
0.207475  0.380364
0.208533  0.386781
0.209592  0.379698
0.210650  0.402337
0.211709  0.389516
0.212767  0.404796
0.213826  0.401404
0.214884  0.385252
0.215943  0.385687
0.217001  0.389979
0.218060  0.370638
0.219118  0.387170
0.220177  0.414796
0.221236  0.399004
0.222294  0.394792
0.223353  0.383876
0.224411  0.383039
0.225470  0.390972
0.226528  0.395943
0.227587  0.399554
0.228645  0.392651
0.229704  0.383764
0.230762  0.398012
0.231821  0.400891
0.232879  0.397794
0.233938  0.392949
0.234996  0.403461
0.236055  0.407369
0.237114  0.390790
0.238172  0.383861
0.239231  0.403047
0.240289  0.395226
0.241348  0.371601
0.242407  0.372829
0.243465  0.385756
0.244523  0.385750
0.245582  0.382682
0.246640  0.382728
0.247699  0.402751
0.248757  0.397506
0.249816  0.374447
0.250875  0.392842
0.251933  0.401466
0.252992  0.431069
0.254050  0.412929
0.255109  0.429187
0.256168  0.405508
0.257226  0.434809
0.258285  0.347758
0.259343  0.376066
0.260402  0.480183
0.261460  0.403776
0.262519  0.394323
0.263577  0.465838
0.264636  0.412811
0.265694  0.405003
0.266753  0.430301
0.267811  0.431149
0.268870  0.409292
0.269928  0.414441
0.270987  0.433104
0.272046  0.436236
0.273104  0.401203
0.274163  0.385171
0.275221  0.399956
0.276280  0.404247
0.277338  0.366498
0.278397  0.371332
0.279455  0.376058
0.280514  0.474518
0.281572  0.384625
0.282631  0.454330
0.283689  0.379502
0.284748  0.412538
0.285806  0.405628
0.286865  0.388470
0.287923  0.400552
0.290654  0.431293
0.293503  0.431388
0.296353  0.431953
0.299198  0.433916
0.302048  0.433953
0.304898  0.433259
0.307748  0.435239
0.310593  0.437084
0.313443  0.437686
0.316293  0.437722
0.319143  0.437794
0.321992  0.438769
0.324838  0.439038
0.327687  0.439483
0.330537  0.443270
0.333387  0.445080
0.336232  0.449315
0.339082  0.452222
0.341932  0.466667
0.344782  0.476664
0.347632  0.473848
0.350477  0.466333
0.353327  0.461770
0.356176  0.461913
0.359026  0.458317
0.361871  0.455388
0.364721  0.449975
0.367571  0.449562
0.370421  0.448969
0.373271  0.447678
0.376116  0.448172
0.378966  0.449786
0.381816  0.449518
0.384665  0.448293
0.387510  0.450388
0.390360  0.449929
0.393210  0.452014
0.396060  0.450785
0.398910  0.453898
0.401755  0.452686
0.404605  0.453224
0.407455  0.457329
0.410305  0.455634
0.413150  0.454523
0.415999  0.455612
0.418849  0.456205
0.421699  0.456316
0.424544  0.456917
0.427394  0.459052
0.430244  0.460380
0.433094  0.460553
0.435944  0.460578
0.438789  0.462049
0.441639  0.463638
0.444488  0.469536
0.447338  0.469995
0.450183  0.482280
0.453033  0.494074
0.455883  0.497707
0.458733  0.507926
0.461583  0.504450
0.464428  0.504838
0.467278  0.499619
0.470128  0.496585
0.472977  0.494315
0.475823  0.491393
0.478672  0.495156
0.481522  0.492349
0.484372  0.491749
0.487222  0.489984
0.490067  0.489900
0.492917  0.484836
0.495767  0.482628
0.498617  0.483489
0.501462  0.477104
0.504312  0.472025
0.507161  0.476726
0.510011  0.471241
0.512856  0.478048
0.515706  0.467467
0.518556  0.463669
0.521406  0.463638
0.524256  0.462791
0.527101  0.460637
0.529951  0.459860
0.532801  0.458892
0.535650  0.457363
0.538495  0.459095
0.541345  0.458072
0.544195  0.457176
0.547045  0.457997
0.549895  0.458122
0.552740  0.456147
0.555590  0.456817
0.558440  0.456578
0.561290  0.458346
0.564135  0.457409
0.566984  0.455593
0.569834  0.459945
0.572684  0.459554
0.575534  0.457843
0.578379  0.457520
0.581229  0.462783
0.584079  0.460229
0.586929  0.458934
0.589774  0.457186
0.592624  0.462261
0.595473  0.456388
0.598323  0.454723
0.601168  0.451146
0.604018  0.447175
0.606868  0.443234
0.609718  0.446939
0.612568  0.450163
0.615413  0.450251
0.618263  0.448509
0.621113  0.452703
0.623962  0.456199
0.626808  0.455732
0.629657  0.454694
0.632507  0.456135
0.635357  0.457888
0.638207  0.456488
0.641052  0.455364
0.643902  0.453289
0.646752  0.454944
0.649602  0.460347
0.652447  0.462485
0.655297  0.458752
0.658146  0.460478
0.660996  0.457411
0.663846  0.455189
0.666691  0.457429
0.669541  0.453733
0.672391  0.455173
0.675241  0.450217
0.678086  0.449235
0.680936  0.459256
0.683786  0.454443
0.686635  0.458969
0.689485  0.456335
0.692330  0.465466
0.695180  0.464379
0.698030  0.462536
0.700880  0.462236
0.703725  0.462848
0.706575  0.460456
0.709425  0.456886
0.712275  0.450446
0.715120  0.442999
0.717969  0.448426
0.720819  0.433932
0.723669  0.435660
0.726519  0.435030
0.729364  0.442396
0.732214  0.436636
0.735064  0.439201
0.737914  0.432141
0.740759  0.435322
0.743609  0.438739
0.746458  0.436061
0.749308  0.439654
0.752158  0.443140
0.755003  0.445072
0.757853  0.447107
0.760703  0.445037
0.763553  0.449564
0.766398  0.449638
0.769248  0.446712
0.772098  0.454516
0.774947  0.453186
0.777797  0.446915
0.780642  0.451428
0.783492  0.449641
0.786342  0.448870
0.789192  0.450942
0.792037  0.446113
0.794887  0.447483
0.797737  0.444255
0.800587  0.437253
0.803432  0.441078
0.806282  0.437332
0.809131  0.438812
0.811981  0.443128
0.814831  0.438177
0.817676  0.428983
0.820526  0.413867
0.823376  0.405403
0.826226  0.399037
0.829071  0.398771
0.831921  0.405328
0.834771  0.402695
0.837620  0.405224
0.840470  0.408509
0.843315  0.410520
0.846165  0.410490
0.849015  0.406699
0.851865  0.404240
0.854710  0.405877
0.857560  0.410867
0.860410  0.408198
0.863260  0.406727
0.866109  0.399465
0.868954  0.386564
0.871804  0.373270
0.874654  0.349643
0.877504  0.324829
0.880349  0.307083
0.883199  0.286467
0.886049  0.276067
0.888899  0.275428
0.891749  0.277356
0.894594  0.289283
0.897443  0.290170
0.900293  0.289247
0.903143  0.281638
0.905988  0.274942
0.908838  0.273454
0.911688  0.276602
0.914538  0.278398
0.917383  0.273793
0.920233  0.271893
0.923083  0.271206
0.925932  0.265555
0.928782  0.263384
0.931627  0.267045
0.934477  0.270703
0.937327  0.269215
0.940177  0.271411
0.943022  0.273127
0.945872  0.266242
0.948722  0.261168
0.951572  0.265761
0.954421  0.257728
0.957267  0.263730
0.960116  0.260162
0.962966  0.256729
0.965816  0.252619
0.968661  0.248475
0.971511  0.226223
0.974361  0.213538
0.977211  0.207625
0.980061  0.208821
0.982906  0.224191
0.985756  0.239703
0.988605  0.235919
0.991455  0.239966
0.994300  0.246302
0.997150  0.249833
1.000000  0.249801
