0.000000  0.150194
0.001059  0.131821
0.002117  0.148366
0.003176  0.131515
0.004234  0.106452
0.005293  0.154760
0.006351  0.176509
0.007410  0.153717
0.008468  0.141343
0.009527  0.120575
0.010586  0.131923
0.011644  0.118844
0.012703  0.139644
0.013761  0.140654
0.014820  0.129283
0.015879  0.144226
0.016937  0.138511
0.017996  0.134168
0.019054  0.155191
0.020113  0.147118
0.021171  0.155609
0.022229  0.159946
0.023288  0.150554
0.024346  0.166511
0.025405  0.157451
0.026464  0.166332
0.027522  0.167594
0.028581  0.172731
0.029639  0.175805
0.030698  0.175059
0.031757  0.172506
0.032815  0.173030
0.033874  0.173674
0.034932  0.184326
0.035991  0.176787
0.037049  0.174371
0.038108  0.172144
0.039166  0.181360
0.040225  0.182276
0.041283  0.201229
0.042342  0.184603
0.043400  0.200555
0.044459  0.182099
0.045517  0.193219
0.046576  0.189713
0.047635  0.197922
0.048693  0.192580
0.049752  0.212850
0.050810  0.201937
0.051869  0.204962
0.052927  0.208747
0.053986  0.218099
0.055044  0.205276
0.056103  0.220658
0.057161  0.216612
0.058220  0.217320
0.059278  0.223576
0.060337  0.231270
0.061396  0.223602
0.062454  0.233039
0.063513  0.236829
0.064571  0.234296
0.065630  0.234642
0.066688  0.245926
0.067747  0.240690
0.068806  0.248110
0.069864  0.248218
0.070923  0.252651
0.071981  0.251335
0.073040  0.273824
0.074098  0.256532
0.075157  0.260050
0.076215  0.262638
0.077274  0.274407
0.078332  0.256197
0.079391  0.275542
0.080449  0.268197
0.081508  0.270540
0.082567  0.260023
0.083625  0.289655
0.084684  0.270918
0.085742  0.279546
0.086801  0.280483
0.087859  0.294227
0.088918  0.281130
0.089976  0.297344
0.091035  0.282855
0.092093  0.300447
0.093152  0.291556
0.094210  0.292241
0.095269  0.297163
0.096327  0.307195
0.097386  0.294810
0.098445  0.312594
0.099503  0.292116
0.100562  0.301729
0.101620  0.299103
0.102679  0.309265
0.103738  0.310297
0.104796  0.302825
0.105854  0.296153
0.106913  0.325233
0.107971  0.306323
0.109030  0.311106
0.110088  0.310743
0.111147  0.318614
0.112205  0.313635
0.113264  0.314662
0.114323  0.308860
0.115381  0.323807
0.116440  0.305353
0.117498  0.321949
0.118557  0.311848
0.119616  0.318206
0.120674  0.312523
0.121733  0.333185
0.122791  0.304090
0.123850  0.325711
0.124908  0.319891
0.125967  0.318938
0.127025  0.320960
0.128084  0.320136
0.129142  0.331431
0.130201  0.333285
0.131259  0.339917
0.132318  0.340264
0.133377  0.334290
0.134435  0.332165
0.135494  0.351559
0.136552  0.351151
0.137611  0.339432
0.138669  0.346332
0.139728  0.344510
0.140786  0.349926
0.141845  0.342664
0.142903  0.346836
0.143962  0.329414
0.145020  0.349196
0.146079  0.331703
0.147137  0.356729
0.148196  0.336502
0.149255  0.344227
0.150313  0.346199
0.151372  0.343217
0.152430  0.359897
0.153489  0.345196
0.154548  0.349064
0.155606  0.354945
0.156665  0.346284
0.157723  0.362895
0.158782  0.337180
0.159840  0.365317
0.160898  0.346749
0.161957  0.361305
0.163015  0.353603
0.164074  0.354024
0.165133  0.354778
0.166191  0.357944
0.167250  0.354980
0.168308  0.362294
0.169367  0.371253
0.170426  0.368472
0.171484  0.373546
0.172543  0.374344
0.173601  0.364032
0.174660  0.388880
0.175718  0.374201
0.176777  0.363650
0.177835  0.356478
0.178894  0.381310
0.179952  0.368572
0.181011  0.394641
0.182069  0.376599
0.183128  0.388437
0.184187  0.360918
0.185245  0.378656
0.186304  0.376031
0.187362  0.393063
0.188421  0.391247
0.189479  0.381617
0.190538  0.379113
0.191596  0.392354
0.192655  0.383597
0.193713  0.385378
0.194772  0.392109
0.195830  0.397109
0.196889  0.387401
0.197947  0.401872
0.199006  0.381706
0.200065  0.385559
0.201123  0.378789
0.202182  0.387740
0.203240  0.387013
0.204299  0.403902
0.205358  0.365802
0.206416  0.375115
0.207475  0.388057
0.208533  0.380594
0.209592  0.390432
0.210650  0.397806
0.211709  0.388267
0.212767  0.394590
0.213826  0.385601
0.214884  0.393052
0.215943  0.397947
0.217001  0.394713
0.218060  0.408115
0.219118  0.411281
0.220177  0.401282
0.221236  0.413499
0.222294  0.414823
0.223353  0.391565
0.224411  0.403726
0.225470  0.386287
0.226528  0.397705
0.227587  0.396669
0.228645  0.418659
0.229704  0.413931
0.230762  0.386685
0.231821  0.390035
0.232879  0.385756
0.233938  0.421626
0.234996  0.403348
0.236055  0.417146
0.237114  0.388839
0.238172  0.413208
0.239231  0.385880
0.240289  0.390850
0.241348  0.394614
0.242407  0.400833
0.243465  0.378322
0.244523  0.413741
0.245582  0.406481
0.246640  0.397888
0.247699  0.404022
0.248757  0.390828
0.249816  0.400762
0.250875  0.392856
0.251933  0.398694
0.252992  0.412731
0.254050  0.448874
0.255109  0.418149
0.256168  0.418999
0.257226  0.437699
0.258285  0.418111
0.259343  0.413845
0.260402  0.388145
0.261460  0.475655
0.262519  0.435982
0.263577  0.394653
0.264636  0.453205
0.265694  0.419850
0.266753  0.426430
0.267811  0.452759
0.268870  0.418960
0.269928  0.405099
0.270987  0.379052
0.272046  0.418813
0.273104  0.452787
0.274163  0.403468
0.275221  0.461567
0.276280  0.445814
0.277338  0.404558
0.278397  0.459288
0.279455  0.436498
0.280514  0.408374
0.281572  0.436408
0.282631  0.446565
0.283689  0.405737
0.284748  0.401543
0.285806  0.438080
0.286865  0.455799
0.287923  0.412653
0.290654  0.432003
0.293503  0.434681
0.296353  0.433190
0.299198  0.435925
0.302048  0.438710
0.304898  0.440525
0.307748  0.438437
0.310593  0.439219
0.313443  0.437062
0.316293  0.440941
0.319143  0.439964
0.321992  0.441397
0.324838  0.439691
0.327687  0.443642
0.330537  0.446156
0.333387  0.446597
0.336232  0.451489
0.339082  0.453075
0.341932  0.475993
0.344782  0.479331
0.347632  0.475754
0.350477  0.473836
0.353327  0.476002
0.356176  0.468356
0.359026  0.465121
0.361871  0.460689
0.364721  0.448218
0.367571  0.450942
0.370421  0.451632
0.373271  0.452157
0.376116  0.450644
0.378966  0.448493
0.381816  0.451238
0.384665  0.450013
0.387510  0.452761
0.390360  0.454366
0.393210  0.455110
0.396060  0.456105
0.398910  0.455701
0.401755  0.456142
0.404605  0.455906
0.407455  0.456382
0.410305  0.456719
0.413150  0.457604
0.415999  0.457071
0.418849  0.462287
0.421699  0.457116
0.424544  0.461334
0.427394  0.460978
0.430244  0.461863
0.433094  0.462654
0.435944  0.466149
0.438789  0.464366
0.441639  0.470675
0.444488  0.474208
0.447338  0.484237
0.450183  0.490770
0.453033  0.517086
0.455883  0.520665
0.458733  0.518949
0.461583  0.530291
0.464428  0.516706
0.467278  0.519874
0.470128  0.531125
0.472977  0.504746
0.475823  0.506992
0.478672  0.517663
0.481522  0.507114
0.484372  0.492685
0.487222  0.510611
0.490067  0.507657
0.492917  0.502902
0.495767  0.500944
0.498617  0.490367
0.501462  0.476752
0.504312  0.490434
0.507161  0.498167
0.510011  0.478327
0.512856  0.484478
0.515706  0.483057
0.518556  0.476719
0.521406  0.474983
0.524256  0.478714
0.527101  0.471989
0.529951  0.465287
0.532801  0.468737
0.535650  0.467266
0.538495  0.466732
0.541345  0.468719
0.544195  0.465219
0.547045  0.461340
0.549895  0.465333
0.552740  0.465091
0.555590  0.469107
0.558440  0.466299
0.561290  0.468265
0.564135  0.465448
0.566984  0.466824
0.569834  0.466499
0.572684  0.468927
0.575534  0.469167
0.578379  0.469794
0.581229  0.467423
0.584079  0.469388
0.586929  0.467753
0.589774  0.465590
0.592624  0.466366
0.595473  0.466712
0.598323  0.466593
0.601168  0.460844
0.604018  0.453279
0.606868  0.456733
0.609718  0.456390
0.612568  0.455194
0.615413  0.458683
0.618263  0.461972
0.621113  0.468522
0.623962  0.464975
0.626808  0.461830
0.629657  0.464506
0.632507  0.466100
0.635357  0.465270
0.638207  0.463686
0.641052  0.464216
0.643902  0.463926
0.646752  0.465420
0.649602  0.467938
0.652447  0.471009
0.655297  0.478427
0.658146  0.472715
0.660996  0.471136
0.663846  0.472660
0.666691  0.463189
0.669541  0.463561
0.672391  0.468893
0.675241  0.478324
0.678086  0.484898
0.680936  0.470190
0.683786  0.470320
0.686635  0.472957
0.689485  0.471661
0.692330  0.483173
0.695180  0.478432
0.698030  0.473620
0.700880  0.473182
0.703725  0.477949
0.706575  0.475865
0.709425  0.474885
0.712275  0.458712
0.715120  0.469581
0.717969  0.444875
0.720819  0.452055
0.723669  0.447356
0.726519  0.446809
0.729364  0.456995
0.732214  0.457486
0.735064  0.443151
0.737914  0.452960
0.740759  0.450211
0.743609  0.448031
0.746458  0.449710
0.749308  0.449839
0.752158  0.463012
0.755003  0.462732
0.757853  0.456773
0.760703  0.463820
0.763553  0.460399
0.766398  0.457798
0.769248  0.460058
0.772098  0.465159
0.774947  0.462064
0.777797  0.462226
0.780642  0.464380
0.783492  0.460775
0.786342  0.467781
0.789192  0.465887
0.792037  0.462910
0.794887  0.462500
0.797737  0.461908
0.800587  0.460108
0.803432  0.450201
0.806282  0.459337
0.809131  0.453744
0.811981  0.455328
0.814831  0.448711
0.817676  0.440790
0.820526  0.427423
0.823376  0.421505
0.826226  0.416708
0.829071  0.414591
0.831921  0.418314
0.834771  0.417066
0.837620  0.414411
0.840470  0.413583
0.843315  0.423562
0.846165  0.409064
0.849015  0.417886
0.851865  0.422469
0.854710  0.420901
0.857560  0.420793
0.860410  0.417648
0.863260  0.426477
0.866109  0.416969
0.868954  0.402469
0.871804  0.378594
0.874654  0.357511
0.877504  0.339505
0.880349  0.314193
0.883199  0.293514
0.886049  0.284799
0.888899  0.288452
0.891749  0.289500
0.894594  0.299315
0.897443  0.303380
0.900293  0.301613
0.903143  0.292540
0.905988  0.286560
0.908838  0.285043
0.911688  0.282984
0.914538  0.292402
0.917383  0.286533
0.920233  0.284724
0.923083  0.272447
0.925932  0.271486
0.928782  0.277455
0.931627  0.280154
0.934477  0.278259
0.937327  0.279136
0.940177  0.286812
0.943022  0.277972
0.945872  0.276373
0.948722  0.272233
0.951572  0.272793
0.954421  0.269079
0.957267  0.270175
0.960116  0.270546
0.962966  0.258663
0.965816  0.255169
0.968661  0.261329
0.971511  0.231385
0.974361  0.224120
0.977211  0.217703
0.980061  0.219375
0.982906  0.234866
0.985756  0.247274
0.988605  0.249876
0.991455  0.243409
0.994300  0.267316
0.997150  0.267216
1.000000  0.269327
