0.000000  0.117945
0.001059  0.120851
0.002117  0.106920
0.003176  0.158151
0.004234  0.145883
0.005293  0.151907
0.006351  0.140037
0.007410  0.142196
0.008468  0.128188
0.009527  0.144572
0.010586  0.119795
0.011644  0.122870
0.012703  0.134286
0.013761  0.128207
0.014820  0.124922
0.015879  0.145963
0.016937  0.148272
0.017996  0.137193
0.019054  0.147812
0.020113  0.149326
0.021171  0.148937
0.022229  0.161474
0.023288  0.148399
0.024346  0.146100
0.025405  0.159192
0.026464  0.156776
0.027522  0.173142
0.028581  0.162575
0.029639  0.167478
0.030698  0.165658
0.031757  0.162715
0.032815  0.166777
0.033874  0.172773
0.034932  0.169187
0.035991  0.172465
0.037049  0.175218
0.038108  0.173007
0.039166  0.184295
0.040225  0.186053
0.041283  0.177012
0.042342  0.172829
0.043400  0.180970
0.044459  0.175654
0.045517  0.191470
0.046576  0.182700
0.047635  0.176463
0.048693  0.184825
0.049752  0.196127
0.050810  0.188090
0.051869  0.202528
0.052927  0.193644
0.053986  0.203036
0.055044  0.200073
0.056103  0.209825
0.057161  0.196235
0.058220  0.207421
0.059278  0.207608
0.060337  0.208800
0.061396  0.220050
0.062454  0.223362
0.063513  0.215936
0.064571  0.235749
0.065630  0.225574
0.066688  0.227276
0.067747  0.222478
0.068806  0.241203
0.069864  0.235866
0.070923  0.235410
0.071981  0.239546
0.073040  0.243276
0.074098  0.246367
0.075157  0.249560
0.076215  0.255314
0.077274  0.249727
0.078332  0.256602
0.079391  0.264950
0.080449  0.250566
0.081508  0.264428
0.082567  0.267015
0.083625  0.263518
0.084684  0.274146
0.085742  0.273003
0.086801  0.281096
0.087859  0.274233
0.088918  0.286640
0.089976  0.272612
0.091035  0.267708
0.092093  0.273595
0.093152  0.282238
0.094210  0.283974
0.095269  0.276131
0.096327  0.284262
0.097386  0.284675
0.098445  0.293022
0.099503  0.289591
0.100562  0.281016
0.101620  0.290683
0.102679  0.294736
0.103738  0.300084
0.104796  0.300971
0.105854  0.300339
0.106913  0.294909
0.107971  0.294010
0.109030  0.295238
0.110088  0.302064
0.111147  0.295004
0.112205  0.306357
0.113264  0.292167
0.114323  0.295721
0.115381  0.303483
0.116440  0.309252
0.117498  0.314244
0.118557  0.314041
0.119616  0.310616
0.120674  0.307870
0.121733  0.304870
0.122791  0.308055
0.123850  0.314683
0.124908  0.315156
0.125967  0.317129
0.127025  0.318257
0.128084  0.314433
0.129142  0.324896
0.130201  0.324166
0.131259  0.312159
0.132318  0.318241
0.133377  0.325244
0.134435  0.324754
0.135494  0.327723
0.136552  0.318634
0.137611  0.323356
0.138669  0.318164
0.139728  0.321404
0.140786  0.347045
0.141845  0.326055
0.142903  0.340381
0.143962  0.336186
0.145020  0.324237
0.146079  0.338193
0.147137  0.322238
0.148196  0.327285
0.149255  0.350712
0.150313  0.346686
0.151372  0.348828
0.152430  0.336574
0.153489  0.346996
0.154548  0.352191
0.155606  0.344555
0.156665  0.327292
0.157723  0.353534
0.158782  0.353519
0.159840  0.365222
0.160898  0.359937
0.161957  0.360806
0.163015  0.351652
0.164074  0.342362
0.165133  0.355970
0.166191  0.356121
0.167250  0.371853
0.168308  0.370153
0.169367  0.366992
0.170426  0.389281
0.171484  0.368789
0.172543  0.355632
0.173601  0.378305
0.174660  0.371828
0.175718  0.376220
0.176777  0.383909
0.177835  0.371648
0.178894  0.381945
0.179952  0.390528
0.181011  0.393133
0.182069  0.374099
0.183128  0.380573
0.184187  0.374584
0.185245  0.392561
0.186304  0.369276
0.187362  0.392189
0.188421  0.387756
0.189479  0.394931
0.190538  0.385576
0.191596  0.393416
0.192655  0.378515
0.193713  0.378664
0.194772  0.387350
0.195830  0.383764
0.196889  0.380236
0.197947  0.378240
0.199006  0.395284
0.200065  0.392474
0.201123  0.409475
0.202182  0.393165
0.203240  0.426793
0.204299  0.389323
0.205358  0.404766
0.206416  0.415368
0.207475  0.393392
0.208533  0.392937
0.209592  0.410209
0.210650  0.389823
0.211709  0.403078
0.212767  0.380381
0.213826  0.413748
0.214884  0.389610
0.215943  0.401053
0.217001  0.388754
0.218060  0.395052
0.219118  0.413367
0.220177  0.392248
0.221236  0.395753
0.222294  0.412348
0.223353  0.401519
0.224411  0.414968
0.225470  0.397761
0.226528  0.403380
0.227587  0.416210
0.228645  0.390943
0.229704  0.410977
0.230762  0.414522
0.231821  0.410947
0.232879  0.415858
0.233938  0.407363
0.234996  0.411642
0.236055  0.387101
0.237114  0.414713
0.238172  0.382458
0.239231  0.391296
0.240289  0.394484
0.241348  0.391119
0.242407  0.380912
0.243465  0.384515
0.244523  0.403940
0.245582  0.420138
0.246640  0.414003
0.247699  0.399314
0.248757  0.396686
0.249816  0.394594
0.250875  0.391207
0.251933  0.410542
0.252992  0.414274
0.254050  0.397044
0.255109  0.423522
0.256168  0.423166
0.257226  0.426112
0.258285  0.435778
0.259343  0.449012
0.260402  0.401332
0.261460  0.392766
0.262519  0.396529
0.263577  0.385196
0.264636  0.399079
0.265694  0.402277
0.266753  0.477066
0.267811  0.425669
0.268870  0.395722
0.269928  0.397324
0.270987  0.404124
0.272046  0.407675
0.273104  0.405800
0.274163  0.428973
0.275221  0.391355
0.276280  0.413527
0.277338  0.451289
0.278397  0.422671
0.279455  0.434026
0.280514  0.425121
0.281572  0.421751
0.282631  0.427107
0.283689  0.370600
0.284748  0.476895
0.285806  0.461847
0.286865  0.466164
0.287923  0.397626
0.290654  0.465002
0.293503  0.474741
0.296353  0.464961
0.299198  0.474655
0.302048  0.468189
0.304898  0.467704
0.307748  0.470419
0.310593  0.472489
0.313443  0.475600
0.316293  0.473694
0.319143  0.476959
0.321992  0.476593
0.324838  0.474120
0.327687  0.479025
0.330537  0.480827
0.333387  0.481922
0.336232  0.483246
0.339082  0.488218
0.341932  0.504326
0.344782  0.519329
0.347632  0.510848
0.350477  0.509176
0.353327  0.510646
0.356176  0.505351
0.359026  0.507108
0.361871  0.497338
0.364721  0.490747
0.367571  0.487069
0.370421  0.491152
0.373271  0.490007
0.376116  0.490502
0.378966  0.492441
0.381816  0.490357
0.384665  0.493325
0.387510  0.491380
0.390360  0.491312
0.393210  0.495939
0.396060  0.492633
0.398910  0.491545
0.401755  0.496041
0.404605  0.493368
0.407455  0.495393
0.410305  0.490828
0.413150  0.493712
0.415999  0.498836
0.418849  0.497756
0.421699  0.499833
0.424544  0.494258
0.427394  0.496376
0.430244  0.496385
0.433094  0.496155
0.435944  0.498943
0.438789  0.498355
0.441639  0.506113
0.444488  0.509071
0.447338  0.512885
0.450183  0.521380
0.453033  0.535585
0.455883  0.550674
0.458733  0.554667
0.461583  0.557248
0.464428  0.550174
0.467278  0.548158
0.470128  0.547892
0.472977  0.551464
0.475823  0.546119
0.478672  0.547688
0.481522  0.540236
0.484372  0.512449
0.487222  0.546819
0.490067  0.524649
0.492917  0.530187
0.495767  0.532241
0.498617  0.531112
0.501462  0.531428
0.504312  0.528687
0.507161  0.517044
0.510011  0.520779
0.512856  0.528153
0.515706  0.524769
0.518556  0.514499
0.521406  0.510247
0.524256  0.507406
0.527101  0.509781
0.529951  0.504879
0.532801  0.513024
0.535650  0.506618
0.538495  0.503117
0.541345  0.505940
0.544195  0.502600
0.547045  0.503803
0.549895  0.503174
0.552740  0.502414
0.555590  0.503592
0.558440  0.503498
0.561290  0.505253
0.564135  0.507600
0.566984  0.502035
0.569834  0.506545
0.572684  0.506274
0.575534  0.506529
0.578379  0.505824
0.581229  0.509164
0.584079  0.508492
0.586929  0.507234
0.589774  0.503986
0.592624  0.508056
0.595473  0.509445
0.598323  0.502581
0.601168  0.502407
0.604018  0.494723
0.606868  0.491114
0.609718  0.495262
0.612568  0.499599
0.615413  0.501142
0.618263  0.507579
0.621113  0.500210
0.623962  0.504634
0.626808  0.505602
0.629657  0.506650
0.632507  0.508236
0.635357  0.502729
0.638207  0.506786
0.641052  0.505434
0.643902  0.505172
0.646752  0.508294
0.649602  0.501178
0.652447  0.506052
0.655297  0.508469
0.658146  0.504639
0.660996  0.506263
0.663846  0.497831
0.666691  0.512479
0.669541  0.494989
0.672391  0.506070
0.675241  0.511365
0.678086  0.498403
0.680936  0.498458
0.683786  0.499805
0.686635  0.499412
0.689485  0.514311
0.692330  0.516457
0.695180  0.508661
0.698030  0.505238
0.700880  0.513151
0.703725  0.508941
0.706575  0.494455
0.709425  0.504360
0.712275  0.496955
0.715120  0.499357
0.717969  0.486683
0.720819  0.481470
0.723669  0.483759
0.726519  0.481874
0.729364  0.488765
0.732214  0.484818
0.735064  0.484974
0.737914  0.489638
0.740759  0.476925
0.743609  0.486893
0.746458  0.490039
0.749308  0.492423
0.752158  0.496877
0.755003  0.502231
0.757853  0.498944
0.760703  0.491692
0.763553  0.489318
0.766398  0.500455
0.769248  0.493386
0.772098  0.499551
0.774947  0.506693
0.777797  0.504815
0.780642  0.505539
0.783492  0.504740
0.786342  0.505415
0.789192  0.505628
0.792037  0.502622
0.794887  0.493962
0.797737  0.495595
0.800587  0.486796
0.803432  0.490909
0.806282  0.497013
0.809131  0.490883
0.811981  0.488709
0.814831  0.490237
0.817676  0.473070
0.820526  0.464932
0.823376  0.456763
0.826226  0.452060
0.829071  0.441777
0.831921  0.458124
0.834771  0.450363
0.837620  0.453595
0.840470  0.452272
0.843315  0.460940
0.846165  0.452302
0.849015  0.451416
0.851865  0.452641
0.854710  0.462020
0.857560  0.459293
0.860410  0.451728
0.863260  0.452123
0.866109  0.442933
0.868954  0.431102
0.871804  0.417945
0.874654  0.395980
0.877504  0.366653
0.880349  0.341377
0.883199  0.317066
0.886049  0.311083
0.888899  0.305518
0.891749  0.310116
0.894594  0.322287
0.897443  0.326306
0.900293  0.322171
0.903143  0.312779
0.905988  0.306921
0.908838  0.307654
0.911688  0.307378
0.914538  0.310870
0.917383  0.306878
0.920233  0.306223
0.923083  0.300846
0.925932  0.292961
0.928782  0.306879
0.931627  0.301077
0.934477  0.303114
0.937327  0.314702
0.940177  0.301212
0.943022  0.302374
0.945872  0.303155
0.948722  0.296829
0.951572  0.291711
0.954421  0.293391
0.957267  0.292790
0.960116  0.291345
0.962966  0.289917
0.965816  0.291617
0.968661  0.279593
0.971511  0.257486
0.974361  0.241628
0.977211  0.227795
0.980061  0.233467
0.982906  0.262681
0.985756  0.273309
0.988605  0.276864
0.991455  0.263757
0.994300  0.273984
0.997150  0.268027
1.000000  0.281266
