0.000000  0.134819
0.001059  0.171873
0.002117  0.133005
0.003176  0.169879
0.004234  0.159142
0.005293  0.177701
0.006351  0.148969
0.007410  0.151475
0.008468  0.141700
0.009527  0.146170
0.010586  0.141196
0.011644  0.164052
0.012703  0.144848
0.013761  0.153523
0.014820  0.153944
0.015879  0.172334
0.016937  0.152599
0.017996  0.168883
0.019054  0.148187
0.020113  0.154061
0.021171  0.167306
0.022229  0.156811
0.023288  0.165628
0.024346  0.167850
0.025405  0.152552
0.026464  0.171469
0.027522  0.159028
0.028581  0.183339
0.029639  0.171271
0.030698  0.186308
0.031757  0.175005
0.032815  0.186836
0.033874  0.168103
0.034932  0.183924
0.035991  0.180998
0.037049  0.197360
0.038108  0.184349
0.039166  0.188153
0.040225  0.186883
0.041283  0.187186
0.042342  0.185285
0.043400  0.195923
0.044459  0.188117
0.045517  0.199731
0.046576  0.184828
0.047635  0.205147
0.048693  0.193003
0.049752  0.200882
0.050810  0.205521
0.051869  0.192216
0.052927  0.203300
0.053986  0.213706
0.055044  0.216178
0.056103  0.217319
0.057161  0.218089
0.058220  0.234936
0.059278  0.217458
0.060337  0.227669
0.061396  0.222099
0.062454  0.229024
0.063513  0.230675
0.064571  0.231717
0.065630  0.236639
0.066688  0.246316
0.067747  0.238980
0.068806  0.238828
0.069864  0.251205
0.070923  0.243328
0.071981  0.245237
0.073040  0.248029
0.074098  0.246249
0.075157  0.264067
0.076215  0.255232
0.077274  0.271725
0.078332  0.262950
0.079391  0.266746
0.080449  0.269911
0.081508  0.271770
0.082567  0.273874
0.083625  0.278035
0.084684  0.273410
0.085742  0.278589
0.086801  0.280241
0.087859  0.288196
0.088918  0.291401
0.089976  0.287804
0.091035  0.291191
0.092093  0.296877
0.093152  0.293586
0.094210  0.303906
0.095269  0.290112
0.096327  0.302724
0.097386  0.298260
0.098445  0.298994
0.099503  0.313588
0.100562  0.311203
0.101620  0.306289
0.102679  0.309039
0.103738  0.298135
0.104796  0.301740
0.105854  0.303435
0.106913  0.311358
0.107971  0.310371
0.109030  0.319531
0.110088  0.313826
0.111147  0.306461
0.112205  0.311618
0.113264  0.314910
0.114323  0.310495
0.115381  0.310063
0.116440  0.328358
0.117498  0.315524
0.118557  0.317941
0.119616  0.325015
0.120674  0.321585
0.121733  0.321274
0.122791  0.335509
0.123850  0.325230
0.124908  0.335841
0.125967  0.338773
0.127025  0.334158
0.128084  0.323244
0.129142  0.333072
0.130201  0.344277
0.131259  0.339328
0.132318  0.325960
0.133377  0.337914
0.134435  0.341093
0.135494  0.325514
0.136552  0.346661
0.137611  0.337079
0.138669  0.334739
0.139728  0.335239
0.140786  0.362138
0.141845  0.341567
0.142903  0.356726
0.143962  0.344751
0.145020  0.363720
0.146079  0.350969
0.147137  0.349904
0.148196  0.358250
0.149255  0.348577
0.150313  0.340775
0.151372  0.362330
0.152430  0.358441
0.153489  0.363594
0.154548  0.358550
0.155606  0.353538
0.156665  0.357008
0.157723  0.352238
0.158782  0.367416
0.159840  0.356327
0.160898  0.361343
0.161957  0.367134
0.163015  0.363854
0.164074  0.384667
0.165133  0.348844
0.166191  0.387761
0.167250  0.364811
0.168308  0.362528
0.169367  0.382283
0.170426  0.381686
0.171484  0.375068
0.172543  0.395745
0.173601  0.385374
0.174660  0.385065
0.175718  0.365680
0.176777  0.377723
0.177835  0.381255
0.178894  0.386308
0.179952  0.379253
0.181011  0.378866
0.182069  0.383755
0.183128  0.406308
0.184187  0.380641
0.185245  0.387019
0.186304  0.394368
0.187362  0.404169
0.188421  0.374014
0.189479  0.396641
0.190538  0.376995
0.191596  0.381935
0.192655  0.387834
0.193713  0.409649
0.194772  0.386183
0.195830  0.411275
0.196889  0.409221
0.197947  0.392756
0.199006  0.398582
0.200065  0.407585
0.201123  0.404333
0.202182  0.399817
0.203240  0.391080
0.204299  0.419963
0.205358  0.398618
0.206416  0.432075
0.207475  0.408380
0.208533  0.405876
0.209592  0.435202
0.210650  0.413759
0.211709  0.382704
0.212767  0.405121
0.213826  0.415754
0.214884  0.416559
0.215943  0.414259
0.217001  0.413792
0.218060  0.411933
0.219118  0.415019
0.220177  0.410414
0.221236  0.407922
0.222294  0.422481
0.223353  0.393369
0.224411  0.418381
0.225470  0.393398
0.226528  0.398885
0.227587  0.401040
0.228645  0.399220
0.229704  0.400008
0.230762  0.413305
0.231821  0.403354
0.232879  0.391873
0.233938  0.393876
0.234996  0.413973
0.236055  0.435510
0.237114  0.429384
0.238172  0.400122
0.239231  0.403134
0.240289  0.382808
0.241348  0.408295
0.242407  0.392324
0.243465  0.402949
0.244523  0.415217
0.245582  0.411845
0.246640  0.413749
0.247699  0.412557
0.248757  0.436941
0.249816  0.433233
0.250875  0.432973
0.251933  0.447287
0.252992  0.435511
0.254050  0.435533
0.255109  0.451771
0.256168  0.424025
0.257226  0.354908
0.258285  0.455192
0.259343  0.407636
0.260402  0.397414
0.261460  0.357442
0.262519  0.414492
0.263577  0.425155
0.264636  0.413193
0.265694  0.395391
0.266753  0.438092
0.267811  0.411545
0.268870  0.440455
0.269928  0.412631
0.270987  0.406747
0.272046  0.439249
0.273104  0.438652
0.274163  0.389816
0.275221  0.452013
0.276280  0.443430
0.277338  0.475516
0.278397  0.400418
0.279455  0.430067
0.280514  0.463962
0.281572  0.429075
0.282631  0.434743
0.283689  0.425954
0.284748  0.427805
0.285806  0.455634
0.286865  0.430228
0.287923  0.462693
0.290654  0.446697
0.293503  0.446474
0.296353  0.446894
0.299198  0.448025
0.302048  0.450719
0.304898  0.451065
0.307748  0.447890
0.310593  0.451774
0.313443  0.452827
0.316293  0.450974
0.319143  0.453444
0.321992  0.455555
0.324838  0.455643
0.327687  0.455741
0.330537  0.459329
0.333387  0.466098
0.336232  0.461328
0.339082  0.480629
0.341932  0.481129
0.344782  0.499688
0.347632  0.500123
0.350477  0.478544
0.353327  0.485523
0.356176  0.482300
0.359026  0.479229
0.361871  0.470377
0.364721  0.463515
0.367571  0.465281
0.370421  0.467912
0.373271  0.462958
0.376116  0.466683
0.378966  0.463290
0.381816  0.464778
0.384665  0.464999
0.387510  0.469517
0.390360  0.465479
0.393210  0.468420
0.396060  0.464521
0.398910  0.467325
0.401755  0.468381
0.404605  0.469750
0.407455  0.473463
0.410305  0.468932
0.413150  0.471759
0.415999  0.471683
0.418849  0.469071
0.421699  0.473004
0.424544  0.476162
0.427394  0.474073
0.430244  0.472845
0.433094  0.477318
0.435944  0.477211
0.438789  0.480339
0.441639  0.481177
0.444488  0.485347
0.447338  0.496579
0.450183  0.503443
0.453033  0.511134
0.455883  0.540477
0.458733  0.551053
0.461583  0.541723
0.464428  0.533502
0.467278  0.531275
0.470128  0.526948
0.472977  0.525172
0.475823  0.515389
0.478672  0.520551
0.481522  0.511465
0.484372  0.520324
0.487222  0.525006
0.490067  0.503568
0.492917  0.514233
0.495767  0.506079
0.498617  0.508681
0.501462  0.493136
0.504312  0.500283
0.507161  0.499000
0.510011  0.489480
0.512856  0.492156
0.515706  0.487292
0.518556  0.486389
0.521406  0.483246
0.524256  0.484854
0.527101  0.477606
0.529951  0.476893
0.532801  0.480106
0.535650  0.477293
0.538495  0.479693
0.541345  0.477873
0.544195  0.479367
0.547045  0.478680
0.549895  0.479490
0.552740  0.476157
0.555590  0.479376
0.558440  0.479908
0.561290  0.482001
0.564135  0.481227
0.566984  0.479889
0.569834  0.474322
0.572684  0.479070
0.575534  0.477088
0.578379  0.481066
0.581229  0.481131
0.584079  0.485056
0.586929  0.477292
0.589774  0.478249
0.592624  0.481616
0.595473  0.480288
0.598323  0.478217
0.601168  0.473470
0.604018  0.469372
0.606868  0.466546
0.609718  0.468403
0.612568  0.470964
0.615413  0.475862
0.618263  0.475036
0.621113  0.479086
0.623962  0.480191
0.626808  0.473693
0.629657  0.481829
0.632507  0.482331
0.635357  0.475197
0.638207  0.474031
0.641052  0.481662
0.643902  0.478508
0.646752  0.480978
0.649602  0.483057
0.652447  0.487470
0.655297  0.482744
0.658146  0.483848
0.660996  0.492112
0.663846  0.482504
0.666691  0.478200
0.669541  0.473939
0.672391  0.490036
0.675241  0.483997
0.678086  0.480269
0.680936  0.488244
0.683786  0.489256
0.686635  0.503843
0.689485  0.501825
0.692330  0.482540
0.695180  0.489114
0.698030  0.474170
0.700880  0.499559
0.703725  0.471597
0.706575  0.483358
0.709425  0.493886
0.712275  0.477775
0.715120  0.458464
0.717969  0.445655
0.720819  0.453042
0.723669  0.464340
0.726519  0.460722
0.729364  0.474461
0.732214  0.464511
0.735064  0.460301
0.737914  0.447844
0.740759  0.456758
0.743609  0.452039
0.746458  0.457239
0.749308  0.458114
0.752158  0.466124
0.755003  0.475073
0.757853  0.467549
0.760703  0.468508
0.763553  0.473927
0.766398  0.478272
0.769248  0.479700
0.772098  0.468801
0.774947  0.478592
0.777797  0.469660
0.780642  0.476179
0.783492  0.474584
0.786342  0.469962
0.789192  0.462018
0.792037  0.464220
0.794887  0.471818
0.797737  0.463233
0.800587  0.458327
0.803432  0.464781
0.806282  0.462557
0.809131  0.457685
0.811981  0.459893
0.814831  0.459898
0.817676  0.448013
0.820526  0.436327
0.823376  0.433030
0.826226  0.419453
0.829071  0.424961
0.831921  0.420052
0.834771  0.417477
0.837620  0.419527
0.840470  0.428295
0.843315  0.438165
0.846165  0.432718
0.849015  0.424704
0.851865  0.427934
0.854710  0.426977
0.857560  0.430630
0.860410  0.442197
0.863260  0.430015
0.866109  0.425658
0.868954  0.410319
0.871804  0.387412
0.874654  0.369968
0.877504  0.343320
0.880349  0.324045
0.883199  0.302343
0.886049  0.293179
0.888899  0.293800
0.891749  0.302313
0.894594  0.306304
0.897443  0.309583
0.900293  0.300294
0.903143  0.297841
0.905988  0.284770
0.908838  0.282253
0.911688  0.288065
0.914538  0.290892
0.917383  0.288289
0.920233  0.284517
0.923083  0.281763
0.925932  0.274727
0.928782  0.283312
0.931627  0.287882
0.934477  0.282026
0.937327  0.285309
0.940177  0.283022
0.943022  0.275574
0.945872  0.281292
0.948722  0.278177
0.951572  0.274249
0.954421  0.274671
0.957267  0.278448
0.960116  0.270394
0.962966  0.275440
0.965816  0.261453
0.968661  0.260581
0.971511  0.236909
0.974361  0.229639
0.977211  0.222445
0.980061  0.223203
0.982906  0.249384
0.985756  0.234293
0.988605  0.242590
0.991455  0.253678
0.994300  0.260479
0.997150  0.284729
1.000000  0.258228
