0.000000  0.161378
0.001059  0.161101
0.002117  0.101155
0.003176  0.103013
0.004234  0.123262
0.005293  0.118481
0.006351  0.110212
0.007410  0.121535
0.008468  0.145644
0.009527  0.118591
0.010586  0.092175
0.011644  0.140415
0.012703  0.120327
0.013761  0.126157
0.014820  0.118091
0.015879  0.111743
0.016937  0.113772
0.017996  0.119874
0.019054  0.127246
0.020113  0.134932
0.021171  0.135728
0.022229  0.140860
0.023288  0.133601
0.024346  0.134207
0.025405  0.141039
0.026464  0.141515
0.027522  0.140042
0.028581  0.140383
0.029639  0.136141
0.030698  0.144516
0.031757  0.146786
0.032815  0.146091
0.033874  0.146719
0.034932  0.156864
0.035991  0.147256
0.037049  0.157931
0.038108  0.148022
0.039166  0.153197
0.040225  0.150614
0.041283  0.156387
0.042342  0.154942
0.043400  0.159782
0.044459  0.162087
0.045517  0.161521
0.046576  0.161919
0.047635  0.166973
0.048693  0.169985
0.049752  0.179537
0.050810  0.161311
0.051869  0.171776
0.052927  0.162310
0.053986  0.179572
0.055044  0.177339
0.056103  0.180559
0.057161  0.175985
0.058220  0.186909
0.059278  0.184430
0.060337  0.196905
0.061396  0.187751
0.062454  0.196283
0.063513  0.193437
0.064571  0.192862
0.065630  0.192084
0.066688  0.203514
0.067747  0.191818
0.068806  0.200427
0.069864  0.200614
0.070923  0.215783
0.071981  0.202335
0.073040  0.211959
0.074098  0.213717
0.075157  0.224726
0.076215  0.219099
0.077274  0.224939
0.078332  0.215267
0.079391  0.223822
0.080449  0.219204
0.081508  0.228844
0.082567  0.227671
0.083625  0.227708
0.084684  0.230135
0.085742  0.228738
0.086801  0.229889
0.087859  0.243988
0.088918  0.238975
0.089976  0.244524
0.091035  0.234065
0.092093  0.240146
0.093152  0.232411
0.094210  0.249052
0.095269  0.249674
0.096327  0.251262
0.097386  0.245783
0.098445  0.249569
0.099503  0.247675
0.100562  0.255593
0.101620  0.253904
0.102679  0.245851
0.103738  0.259405
0.104796  0.249881
0.105854  0.251866
0.106913  0.255587
0.107971  0.257110
0.109030  0.263492
0.110088  0.256184
0.111147  0.247223
0.112205  0.261464
0.113264  0.262187
0.114323  0.267738
0.115381  0.277650
0.116440  0.259860
0.117498  0.266404
0.118557  0.258572
0.119616  0.271761
0.120674  0.267713
0.121733  0.271913
0.122791  0.264598
0.123850  0.265874
0.124908  0.259385
0.125967  0.271570
0.127025  0.265053
0.128084  0.272891
0.129142  0.267528
0.130201  0.277648
0.131259  0.268522
0.132318  0.286915
0.133377  0.271626
0.134435  0.272050
0.135494  0.273257
0.136552  0.272299
0.137611  0.284524
0.138669  0.279157
0.139728  0.283714
0.140786  0.286454
0.141845  0.261695
0.142903  0.281602
0.143962  0.284510
0.145020  0.286535
0.146079  0.285028
0.147137  0.286080
0.148196  0.290195
0.149255  0.298492
0.150313  0.287745
0.151372  0.289017
0.152430  0.289526
0.153489  0.298856
0.154548  0.286013
0.155606  0.291330
0.156665  0.296203
0.157723  0.291832
0.158782  0.296728
0.159840  0.298073
0.160898  0.295790
0.161957  0.295003
0.163015  0.289438
0.164074  0.303798
0.165133  0.298320
0.166191  0.306574
0.167250  0.281282
0.168308  0.295797
0.169367  0.301478
0.170426  0.302155
0.171484  0.292563
0.172543  0.310025
0.173601  0.296990
0.174660  0.323470
0.175718  0.301664
0.176777  0.312744
0.177835  0.298705
0.178894  0.316894
0.179952  0.311623
0.181011  0.327106
0.182069  0.310595
0.183128  0.319310
0.184187  0.307426
0.185245  0.306337
0.186304  0.312294
0.187362  0.317645
0.188421  0.309024
0.189479  0.311487
0.190538  0.323537
0.191596  0.324054
0.192655  0.329751
0.193713  0.322744
0.194772  0.321026
0.195830  0.334389
0.196889  0.310197
0.197947  0.318568
0.199006  0.317593
0.200065  0.324470
0.201123  0.316068
0.202182  0.320671
0.203240  0.324744
0.204299  0.319647
0.205358  0.317255
0.206416  0.334632
0.207475  0.336574
0.208533  0.335982
0.209592  0.319727
0.210650  0.340901
0.211709  0.334651
0.212767  0.331158
0.213826  0.317924
0.214884  0.317353
0.215943  0.326424
0.217001  0.313005
0.218060  0.328880
0.219118  0.319216
0.220177  0.335444
0.221236  0.321259
0.222294  0.337696
0.223353  0.327301
0.224411  0.337664
0.225470  0.330556
0.226528  0.324344
0.227587  0.327724
0.228645  0.326756
0.229704  0.323528
0.230762  0.308724
0.231821  0.336864
0.232879  0.330582
0.233938  0.327915
0.234996  0.324492
0.236055  0.362060
0.237114  0.324816
0.238172  0.342565
0.239231  0.326202
0.240289  0.346392
0.241348  0.331765
0.242407  0.340262
0.243465  0.337473
0.244523  0.318488
0.245582  0.352362
0.246640  0.315562
0.247699  0.349300
0.248757  0.347043
0.249816  0.360095
0.250875  0.348809
0.251933  0.329147
0.252992  0.350857
0.254050  0.326841
0.255109  0.346241
0.256168  0.323917
0.257226  0.352130
0.258285  0.346659
0.259343  0.383779
0.260402  0.365298
0.261460  0.330749
0.262519  0.371230
0.263577  0.306165
0.264636  0.339326
0.265694  0.356905
0.266753  0.312534
0.267811  0.389744
0.268870  0.356794
0.269928  0.354188
0.270987  0.351853
0.272046  0.350154
0.273104  0.359599
0.274163  0.356576
0.275221  0.363349
0.276280  0.365862
0.277338  0.319693
0.278397  0.351450
0.279455  0.350367
0.280514  0.347995
0.281572  0.395174
0.282631  0.329673
0.283689  0.336288
0.284748  0.333221
0.285806  0.376258
0.286865  0.398977
0.287923  0.354180
0.290654  0.424690
0.293503  0.423274
0.296353  0.423969
0.299198  0.423757
0.302048  0.425975
0.304898  0.426693
0.307748  0.427323
0.310593  0.428223
0.313443  0.430129
0.316293  0.429796
0.319143  0.430420
0.321992  0.432274
0.324838  0.432590
0.327687  0.434587
0.330537  0.434042
0.333387  0.436735
0.336232  0.442537
0.339082  0.450900
0.341932  0.469392
0.344782  0.487849
0.347632  0.490130
0.350477  0.472697
0.353327  0.470236
0.356176  0.471701
0.359026  0.458641
0.361871  0.451911
0.364721  0.441753
0.367571  0.442472
0.370421  0.440431
0.373271  0.440646
0.376116  0.439939
0.378966  0.439576
0.381816  0.440078
0.384665  0.440620
0.387510  0.442494
0.390360  0.442149
0.393210  0.442771
0.396060  0.443170
0.398910  0.443050
0.401755  0.445219
0.404605  0.443523
0.407455  0.446450
0.410305  0.447503
0.413150  0.444796
0.415999  0.446515
0.418849  0.445341
0.421699  0.445998
0.424544  0.448151
0.427394  0.447937
0.430244  0.451747
0.433094  0.449984
0.435944  0.453749
0.438789  0.456240
0.441639  0.461448
0.444488  0.467589
0.447338  0.475973
0.450183  0.487096
0.453033  0.517477
0.455883  0.535598
0.458733  0.548240
0.461583  0.545557
0.464428  0.543981
0.467278  0.529446
0.470128  0.530847
0.472977  0.527253
0.475823  0.529349
0.478672  0.531859
0.481522  0.529495
0.484372  0.520471
0.487222  0.511045
0.490067  0.514052
0.492917  0.513272
0.495767  0.505124
0.498617  0.498070
0.501462  0.488559
0.504312  0.488969
0.507161  0.494832
0.510011  0.486177
0.512856  0.478020
0.515706  0.474565
0.518556  0.468517
0.521406  0.464094
0.524256  0.465148
0.527101  0.459658
0.529951  0.454224
0.532801  0.452840
0.535650  0.449597
0.538495  0.451202
0.541345  0.449570
0.544195  0.448916
0.547045  0.448941
0.549895  0.449742
0.552740  0.450532
0.555590  0.450275
0.558440  0.449006
0.561290  0.450656
0.564135  0.453060
0.566984  0.452259
0.569834  0.450321
0.572684  0.450550
0.575534  0.451551
0.578379  0.451727
0.581229  0.452465
0.584079  0.452529
0.586929  0.452637
0.589774  0.449766
0.592624  0.451056
0.595473  0.451514
0.598323  0.448154
0.601168  0.444160
0.604018  0.441127
0.606868  0.438039
0.609718  0.441110
0.612568  0.443532
0.615413  0.444016
0.618263  0.446815
0.621113  0.450614
0.623962  0.449341
0.626808  0.449760
0.629657  0.451935
0.632507  0.450495
0.635357  0.450342
0.638207  0.450420
0.641052  0.449195
0.643902  0.451690
0.646752  0.453950
0.649602  0.457885
0.652447  0.457993
0.655297  0.460373
0.658146  0.464792
0.660996  0.467594
0.663846  0.466233
0.666691  0.473172
0.669541  0.471437
0.672391  0.484416
0.675241  0.486758
0.678086  0.496236
0.680936  0.482526
0.683786  0.487905
0.686635  0.487139
0.689485  0.500122
0.692330  0.496161
0.695180  0.497335
0.698030  0.494889
0.700880  0.502685
0.703725  0.506031
0.706575  0.492180
0.709425  0.484564
0.712275  0.491626
0.715120  0.475050
0.717969  0.466392
0.720819  0.468964
0.723669  0.464755
0.726519  0.472724
0.729364  0.474149
0.732214  0.465625
0.735064  0.461330
0.737914  0.454449
0.740759  0.453677
0.743609  0.451283
0.746458  0.451231
0.749308  0.448168
0.752158  0.446038
0.755003  0.450254
0.757853  0.451093
0.760703  0.459805
0.763553  0.457384
0.766398  0.465786
0.769248  0.461864
0.772098  0.460069
0.774947  0.456591
0.777797  0.456685
0.780642  0.453235
0.783492  0.450649
0.786342  0.449122
0.789192  0.447832
0.792037  0.450885
0.794887  0.446101
0.797737  0.447918
0.800587  0.441877
0.803432  0.438040
0.806282  0.437190
0.809131  0.437666
0.811981  0.436644
0.814831  0.429767
0.817676  0.420720
0.820526  0.411847
0.823376  0.402730
0.826226  0.397324
0.829071  0.395572
0.831921  0.403399
0.834771  0.400057
0.837620  0.399555
0.840470  0.405064
0.843315  0.411367
0.846165  0.409649
0.849015  0.406235
0.851865  0.403237
0.854710  0.407612
0.857560  0.405180
0.860410  0.409860
0.863260  0.403732
0.866109  0.400427
0.868954  0.391302
0.871804  0.376529
0.874654  0.357125
0.877504  0.333390
0.880349  0.305210
0.883199  0.286723
0.886049  0.279077
0.888899  0.275631
0.891749  0.284441
0.894594  0.294324
0.897443  0.296741
0.900293  0.289062
0.903143  0.285445
0.905988  0.277535
0.908838  0.276027
0.911688  0.278325
0.914538  0.284996
0.917383  0.274944
0.920233  0.278687
0.923083  0.277145
0.925932  0.269285
0.928782  0.270607
0.931627  0.268452
0.934477  0.273983
0.937327  0.279205
0.940177  0.278138
0.943022  0.283534
0.945872  0.278465
0.948722  0.275147
0.951572  0.270943
0.954421  0.267241
0.957267  0.276203
0.960116  0.265138
0.962966  0.263155
0.965816  0.271686
0.968661  0.257543
0.971511  0.236334
0.974361  0.224524
0.977211  0.221400
0.980061  0.222155
0.982906  0.237159
0.985756  0.260364
0.988605  0.254695
0.991455  0.258361
0.994300  0.265260
0.997150  0.266070
1.000000  0.282978
