0.000000  0.110759
0.001059  0.187206
0.002117  0.148453
0.003176  0.152124
0.004234  0.152352
0.005293  0.187808
0.006351  0.136150
0.007410  0.160629
0.008468  0.147279
0.009527  0.145088
0.010586  0.137342
0.011644  0.138106
0.012703  0.147453
0.013761  0.149808
0.014820  0.147512
0.015879  0.152310
0.016937  0.152614
0.017996  0.119962
0.019054  0.137689
0.020113  0.159373
0.021171  0.156062
0.022229  0.152947
0.023288  0.156383
0.024346  0.164195
0.025405  0.166462
0.026464  0.161908
0.027522  0.172922
0.028581  0.182429
0.029639  0.170576
0.030698  0.174314
0.031757  0.176125
0.032815  0.182559
0.033874  0.178586
0.034932  0.177289
0.035991  0.180379
0.037049  0.184636
0.038108  0.184160
0.039166  0.195141
0.040225  0.181619
0.041283  0.184252
0.042342  0.189377
0.043400  0.187559
0.044459  0.184662
0.045517  0.202958
0.046576  0.187124
0.047635  0.201219
0.048693  0.189063
0.049752  0.201349
0.050810  0.200140
0.051869  0.210001
0.052927  0.203288
0.053986  0.211278
0.055044  0.214304
0.056103  0.210088
0.057161  0.216230
0.058220  0.231179
0.059278  0.227602
0.060337  0.226637
0.061396  0.224715
0.062454  0.225709
0.063513  0.227736
0.064571  0.232707
0.065630  0.232093
0.066688  0.233173
0.067747  0.236816
0.068806  0.250809
0.069864  0.241320
0.070923  0.252234
0.071981  0.241072
0.073040  0.257897
0.074098  0.249259
0.075157  0.256187
0.076215  0.257822
0.077274  0.273698
0.078332  0.262133
0.079391  0.267749
0.080449  0.259177
0.081508  0.268764
0.082567  0.276539
0.083625  0.282097
0.084684  0.271018
0.085742  0.279060
0.086801  0.280723
0.087859  0.280611
0.088918  0.276010
0.089976  0.295895
0.091035  0.294177
0.092093  0.287229
0.093152  0.281582
0.094210  0.291531
0.095269  0.290251
0.096327  0.299282
0.097386  0.305592
0.098445  0.306452
0.099503  0.301208
0.100562  0.294937
0.101620  0.300811
0.102679  0.308264
0.103738  0.299219
0.104796  0.310679
0.105854  0.299792
0.106913  0.306058
0.107971  0.301759
0.109030  0.308304
0.110088  0.320900
0.111147  0.302756
0.112205  0.314837
0.113264  0.313063
0.114323  0.316248
0.115381  0.310889
0.116440  0.322011
0.117498  0.313035
0.118557  0.319173
0.119616  0.310069
0.120674  0.328580
0.121733  0.321704
0.122791  0.323424
0.123850  0.315520
0.124908  0.335497
0.125967  0.323950
0.127025  0.326389
0.128084  0.319996
0.129142  0.322857
0.130201  0.327665
0.131259  0.327217
0.132318  0.330888
0.133377  0.345075
0.134435  0.325136
0.135494  0.341021
0.136552  0.330080
0.137611  0.326317
0.138669  0.335205
0.139728  0.328224
0.140786  0.346392
0.141845  0.339218
0.142903  0.340473
0.143962  0.328280
0.145020  0.348378
0.146079  0.353284
0.147137  0.348214
0.148196  0.357649
0.149255  0.346789
0.150313  0.344341
0.151372  0.347502
0.152430  0.340701
0.153489  0.350700
0.154548  0.348087
0.155606  0.356553
0.156665  0.345832
0.157723  0.353073
0.158782  0.347448
0.159840  0.355503
0.160898  0.348906
0.161957  0.365912
0.163015  0.353629
0.164074  0.380697
0.165133  0.355962
0.166191  0.371549
0.167250  0.354591
0.168308  0.366414
0.169367  0.355702
0.170426  0.363401
0.171484  0.358292
0.172543  0.377550
0.173601  0.369910
0.174660  0.371545
0.175718  0.355181
0.176777  0.378477
0.177835  0.381754
0.178894  0.371015
0.179952  0.377168
0.181011  0.372627
0.182069  0.369214
0.183128  0.374135
0.184187  0.374005
0.185245  0.376165
0.186304  0.389206
0.187362  0.367600
0.188421  0.395359
0.189479  0.385866
0.190538  0.389706
0.191596  0.376180
0.192655  0.383175
0.193713  0.393333
0.194772  0.402041
0.195830  0.379999
0.196889  0.382607
0.197947  0.394843
0.199006  0.395863
0.200065  0.407432
0.201123  0.369931
0.202182  0.381231
0.203240  0.390877
0.204299  0.365112
0.205358  0.396547
0.206416  0.379262
0.207475  0.399611
0.208533  0.378093
0.209592  0.397402
0.210650  0.371847
0.211709  0.394432
0.212767  0.385223
0.213826  0.389201
0.214884  0.396903
0.215943  0.386193
0.217001  0.409187
0.218060  0.405672
0.219118  0.384203
0.220177  0.413061
0.221236  0.383874
0.222294  0.383921
0.223353  0.398753
0.224411  0.386533
0.225470  0.408330
0.226528  0.405752
0.227587  0.377717
0.228645  0.398188
0.229704  0.405622
0.230762  0.396500
0.231821  0.403116
0.232879  0.403761
0.233938  0.386819
0.234996  0.397753
0.236055  0.381497
0.237114  0.416908
0.238172  0.377669
0.239231  0.255512
0.240289  0.402342
0.241348  0.367995
0.242407  0.394151
0.243465  0.395445
0.244523  0.396216
0.245582  0.396756
0.246640  0.390250
0.247699  0.408658
0.248757  0.392012
0.249816  0.384944
0.250875  0.407156
0.251933  0.433792
0.252992  0.424226
0.254050  0.417947
0.255109  0.412423
0.256168  0.421172
0.257226  0.386594
0.258285  0.425891
0.259343  0.434554
0.260402  0.417965
0.261460  0.418989
0.262519  0.382252
0.263577  0.426534
0.264636  0.393910
0.265694  0.424397
0.266753  0.409906
0.267811  0.427318
0.268870  0.417028
0.269928  0.363453
0.270987  0.446738
0.272046  0.397045
0.273104  0.369548
0.274163  0.390941
0.275221  0.429260
0.276280  0.458239
0.277338  0.388107
0.278397  0.428495
0.279455  0.409194
0.280514  0.416185
0.281572  0.446314
0.282631  0.373765
0.283689  0.415920
0.284748  0.395081
0.285806  0.401922
0.286865  0.452007
0.287923  0.444760
0.290654  0.454743
0.293503  0.455028
0.296353  0.457366
0.299198  0.452611
0.302048  0.456009
0.304898  0.460810
0.307748  0.459817
0.310593  0.461385
0.313443  0.463514
0.316293  0.464608
0.319143  0.462029
0.321992  0.463728
0.324838  0.466108
0.327687  0.461172
0.330537  0.464967
0.333387  0.474192
0.336232  0.475893
0.339082  0.483868
0.341932  0.511453
0.344782  0.506029
0.347632  0.503103
0.350477  0.500508
0.353327  0.490498
0.356176  0.495711
0.359026  0.485655
0.361871  0.478931
0.364721  0.474696
0.367571  0.475073
0.370421  0.470753
0.373271  0.471311
0.376116  0.470393
0.378966  0.471026
0.381816  0.474332
0.384665  0.478175
0.387510  0.471105
0.390360  0.473144
0.393210  0.477639
0.396060  0.477537
0.398910  0.478240
0.401755  0.474541
0.404605  0.478698
0.407455  0.476830
0.410305  0.477977
0.413150  0.477194
0.415999  0.476581
0.418849  0.477409
0.421699  0.481282
0.424544  0.482019
0.427394  0.481003
0.430244  0.482453
0.433094  0.486540
0.435944  0.488933
0.438789  0.490409
0.441639  0.490104
0.444488  0.495183
0.447338  0.515839
0.450183  0.517313
0.453033  0.544440
0.455883  0.556019
0.458733  0.562458
0.461583  0.559647
0.464428  0.552649
0.467278  0.546018
0.470128  0.536167
0.472977  0.541035
0.475823  0.534356
0.478672  0.536736
0.481522  0.547105
0.484372  0.527772
0.487222  0.531461
0.490067  0.537829
0.492917  0.527454
0.495767  0.539179
0.498617  0.513521
0.501462  0.505228
0.504312  0.510336
0.507161  0.504279
0.510011  0.514141
0.512856  0.494051
0.515706  0.498563
0.518556  0.488733
0.521406  0.497412
0.524256  0.486133
0.527101  0.482484
0.529951  0.485467
0.532801  0.480108
0.535650  0.483236
0.538495  0.479199
0.541345  0.483908
0.544195  0.478649
0.547045  0.481155
0.549895  0.482479
0.552740  0.480387
0.555590  0.485644
0.558440  0.480474
0.561290  0.483849
0.564135  0.485926
0.566984  0.481571
0.569834  0.485782
0.572684  0.487710
0.575534  0.481812
0.578379  0.489229
0.581229  0.486589
0.584079  0.488069
0.586929  0.488865
0.589774  0.482844
0.592624  0.489494
0.595473  0.485122
0.598323  0.480664
0.601168  0.478787
0.604018  0.472444
0.606868  0.473921
0.609718  0.475655
0.612568  0.477842
0.615413  0.479474
0.618263  0.483345
0.621113  0.480653
0.623962  0.488229
0.626808  0.485748
0.629657  0.481804
0.632507  0.480161
0.635357  0.482362
0.638207  0.484508
0.641052  0.482692
0.643902  0.483432
0.646752  0.486775
0.649602  0.487905
0.652447  0.490748
0.655297  0.492706
0.658146  0.496068
0.660996  0.496888
0.663846  0.496658
0.666691  0.500297
0.669541  0.503850
0.672391  0.494711
0.675241  0.489543
0.678086  0.495596
0.680936  0.496924
0.683786  0.493144
0.686635  0.495757
0.689485  0.502802
0.692330  0.505421
0.695180  0.505800
0.698030  0.515521
0.700880  0.509787
0.703725  0.505339
0.706575  0.507898
0.709425  0.496265
0.712275  0.504454
0.715120  0.480867
0.717969  0.476366
0.720819  0.483384
0.723669  0.474468
0.726519  0.466866
0.729364  0.479858
0.732214  0.496893
0.735064  0.489688
0.737914  0.481420
0.740759  0.466564
0.743609  0.468581
0.746458  0.473394
0.749308  0.462717
0.752158  0.465953
0.755003  0.480736
0.757853  0.483503
0.760703  0.480622
0.763553  0.486512
0.766398  0.484418
0.769248  0.489358
0.772098  0.482394
0.774947  0.481723
0.777797  0.480378
0.780642  0.482842
0.783492  0.480464
0.786342  0.476478
0.789192  0.481721
0.792037  0.482798
0.794887  0.474458
0.797737  0.473111
0.800587  0.474041
0.803432  0.477102
0.806282  0.470879
0.809131  0.475567
0.811981  0.476206
0.814831  0.469271
0.817676  0.458970
0.820526  0.445093
0.823376  0.430305
0.826226  0.427161
0.829071  0.428761
0.831921  0.435504
0.834771  0.439030
0.837620  0.435896
0.840470  0.437908
0.843315  0.451212
0.846165  0.443878
0.849015  0.442336
0.851865  0.440910
0.854710  0.438811
0.857560  0.448496
0.860410  0.438632
0.863260  0.442548
0.866109  0.434829
0.868954  0.421359
0.871804  0.407500
0.874654  0.386060
0.877504  0.353293
0.880349  0.330204
0.883199  0.306075
0.886049  0.296067
0.888899  0.292595
0.891749  0.306339
0.894594  0.312984
0.897443  0.317737
0.900293  0.313567
0.903143  0.298458
0.905988  0.300540
0.908838  0.298562
0.911688  0.293509
0.914538  0.301409
0.917383  0.299073
0.920233  0.300574
0.923083  0.298023
0.925932  0.281610
0.928782  0.291203
0.931627  0.293170
0.934477  0.297395
0.937327  0.291653
0.940177  0.308232
0.943022  0.299473
0.945872  0.298875
0.948722  0.291345
0.951572  0.294905
0.954421  0.293298
0.957267  0.288902
0.960116  0.291246
0.962966  0.285031
0.965816  0.277743
0.968661  0.264746
0.971511  0.255453
0.974361  0.232708
0.977211  0.231484
0.980061  0.235842
0.982906  0.255656
0.985756  0.262446
0.988605  0.263617
0.991455  0.267226
0.994300  0.292697
0.997150  0.273609
1.000000  0.282834
