0.000000  0.087390
0.001059  0.161153
0.002117  0.099547
0.003176  0.150880
0.004234  0.126065
0.005293  0.136554
0.006351  0.139442
0.007410  0.150296
0.008468  0.140083
0.009527  0.133764
0.010586  0.117433
0.011644  0.144592
0.012703  0.134873
0.013761  0.134012
0.014820  0.134569
0.015879  0.133655
0.016937  0.132795
0.017996  0.146849
0.019054  0.133440
0.020113  0.142645
0.021171  0.142182
0.022229  0.153483
0.023288  0.153670
0.024346  0.156883
0.025405  0.154023
0.026464  0.158819
0.027522  0.156355
0.028581  0.160792
0.029639  0.163372
0.030698  0.155796
0.031757  0.162877
0.032815  0.161876
0.033874  0.170483
0.034932  0.176271
0.035991  0.170081
0.037049  0.169683
0.038108  0.181390
0.039166  0.171364
0.040225  0.170153
0.041283  0.180093
0.042342  0.171094
0.043400  0.176847
0.044459  0.178442
0.045517  0.179413
0.046576  0.178633
0.047635  0.190118
0.048693  0.181392
0.049752  0.201966
0.050810  0.190857
0.051869  0.190654
0.052927  0.189497
0.053986  0.197740
0.055044  0.194112
0.056103  0.204748
0.057161  0.195544
0.058220  0.210553
0.059278  0.204343
0.060337  0.218186
0.061396  0.212745
0.062454  0.220511
0.063513  0.217381
0.064571  0.230862
0.065630  0.218228
0.066688  0.233093
0.067747  0.216807
0.068806  0.236426
0.069864  0.222888
0.070923  0.231951
0.071981  0.238080
0.073040  0.243422
0.074098  0.232035
0.075157  0.243318
0.076215  0.239120
0.077274  0.253414
0.078332  0.248794
0.079391  0.254761
0.080449  0.250845
0.081508  0.259229
0.082567  0.255929
0.083625  0.263326
0.084684  0.254087
0.085742  0.270092
0.086801  0.257132
0.087859  0.265325
0.088918  0.269198
0.089976  0.272961
0.091035  0.261360
0.092093  0.270298
0.093152  0.275638
0.094210  0.276069
0.095269  0.279561
0.096327  0.290938
0.097386  0.283051
0.098445  0.278823
0.099503  0.282454
0.100562  0.283623
0.101620  0.278271
0.102679  0.280734
0.103738  0.293446
0.104796  0.288271
0.105854  0.281854
0.106913  0.289875
0.107971  0.285678
0.109030  0.296005
0.110088  0.283600
0.111147  0.295108
0.112205  0.286991
0.113264  0.298483
0.114323  0.302353
0.115381  0.299138
0.116440  0.304290
0.117498  0.303301
0.118557  0.300614
0.119616  0.295065
0.120674  0.308190
0.121733  0.299109
0.122791  0.299868
0.123850  0.311174
0.124908  0.296343
0.125967  0.303606
0.127025  0.304342
0.128084  0.315123
0.129142  0.299120
0.130201  0.323905
0.131259  0.316832
0.132318  0.326063
0.133377  0.312227
0.134435  0.318459
0.135494  0.330542
0.136552  0.313085
0.137611  0.329705
0.138669  0.324845
0.139728  0.315466
0.140786  0.325673
0.141845  0.317818
0.142903  0.326001
0.143962  0.323399
0.145020  0.330674
0.146079  0.335360
0.147137  0.327993
0.148196  0.328294
0.149255  0.335987
0.150313  0.332770
0.151372  0.344916
0.152430  0.339388
0.153489  0.337732
0.154548  0.326411
0.155606  0.340855
0.156665  0.331279
0.157723  0.334723
0.158782  0.341582
0.159840  0.349804
0.160898  0.358479
0.161957  0.359878
0.163015  0.355010
0.164074  0.352408
0.165133  0.337832
0.166191  0.352589
0.167250  0.350557
0.168308  0.356682
0.169367  0.334991
0.170426  0.368793
0.171484  0.355295
0.172543  0.349367
0.173601  0.361890
0.174660  0.368115
0.175718  0.371336
0.176777  0.365852
0.177835  0.377868
0.178894  0.370876
0.179952  0.370517
0.181011  0.374247
0.182069  0.367183
0.183128  0.374200
0.184187  0.367265
0.185245  0.371509
0.186304  0.372352
0.187362  0.375469
0.188421  0.365523
0.189479  0.366560
0.190538  0.372453
0.191596  0.384696
0.192655  0.389115
0.193713  0.372961
0.194772  0.385060
0.195830  0.373595
0.196889  0.383826
0.197947  0.379777
0.199006  0.369934
0.200065  0.379574
0.201123  0.388029
0.202182  0.387014
0.203240  0.374049
0.204299  0.380935
0.205358  0.389794
0.206416  0.404140
0.207475  0.375032
0.208533  0.381277
0.209592  0.364338
0.210650  0.387914
0.211709  0.367206
0.212767  0.402482
0.213826  0.373468
0.214884  0.377181
0.215943  0.394656
0.217001  0.388091
0.218060  0.392862
0.219118  0.410263
0.220177  0.394081
0.221236  0.376122
0.222294  0.396326
0.223353  0.376693
0.224411  0.405755
0.225470  0.403894
0.226528  0.401129
0.227587  0.398422
0.228645  0.409584
0.229704  0.388883
0.230762  0.392466
0.231821  0.388712
0.232879  0.380742
0.233938  0.409832
0.234996  0.403304
0.236055  0.373793
0.237114  0.397525
0.238172  0.361187
0.239231  0.386639
0.240289  0.393078
0.241348  0.375639
0.242407  0.392934
0.243465  0.395714
0.244523  0.399693
0.245582  0.384811
0.246640  0.397737
0.247699  0.385968
0.248757  0.382150
0.249816  0.355025
0.250875  0.401981
0.251933  0.388533
0.252992  0.424726
0.254050  0.382048
0.255109  0.346531
0.256168  0.366552
0.257226  0.407619
0.258285  0.398645
0.259343  0.386913
0.260402  0.440546
0.261460  0.445116
0.262519  0.388915
0.263577  0.399871
0.264636  0.398728
0.265694  0.393779
0.266753  0.409656
0.267811  0.396907
0.268870  0.386987
0.269928  0.445270
0.270987  0.416719
0.272046  0.418839
0.273104  0.447304
0.274163  0.391182
0.275221  0.396527
0.276280  0.417432
0.277338  0.359436
0.278397  0.437947
0.279455  0.431516
0.280514  0.399328
0.281572  0.381642
0.282631  0.372596
0.283689  0.430688
0.284748  0.417803
0.285806  0.454870
0.286865  0.450676
0.287923  0.457937
0.290654  0.444324
0.293503  0.435472
0.296353  0.442464
0.299198  0.443378
0.302048  0.445993
0.304898  0.447625
0.307748  0.446186
0.310593  0.446696
0.313443  0.446602
0.316293  0.448592
0.319143  0.448562
0.321992  0.450440
0.324838  0.448174
0.327687  0.449384
0.330537  0.451871
0.333387  0.455173
0.336232  0.456258
0.339082  0.468422
0.341932  0.485828
0.344782  0.506643
0.347632  0.494007
0.350477  0.489131
0.353327  0.480239
0.356176  0.482083
0.359026  0.473856
0.361871  0.470202
0.364721  0.459006
0.367571  0.461458
0.370421  0.461260
0.373271  0.459112
0.376116  0.457759
0.378966  0.458124
0.381816  0.455727
0.384665  0.463126
0.387510  0.461870
0.390360  0.458431
0.393210  0.462631
0.396060  0.460624
0.398910  0.462732
0.401755  0.465150
0.404605  0.464361
0.407455  0.463560
0.410305  0.462068
0.413150  0.459169
0.415999  0.466811
0.418849  0.465422
0.421699  0.468744
0.424544  0.464476
0.427394  0.468680
0.430244  0.473047
0.433094  0.475871
0.435944  0.474640
0.438789  0.476277
0.441639  0.478207
0.444488  0.484934
0.447338  0.488656
0.450183  0.504324
0.453033  0.528635
0.455883  0.556187
0.458733  0.545454
0.461583  0.542770
0.464428  0.538969
0.467278  0.538077
0.470128  0.535404
0.472977  0.531198
0.475823  0.533530
0.478672  0.529631
0.481522  0.540392
0.484372  0.533663
0.487222  0.520349
0.490067  0.512780
0.492917  0.518285
0.495767  0.513583
0.498617  0.506194
0.501462  0.508759
0.504312  0.500721
0.507161  0.508861
0.510011  0.503550
0.512856  0.497860
0.515706  0.485133
0.518556  0.492863
0.521406  0.487145
0.524256  0.479389
0.527101  0.474605
0.529951  0.468659
0.532801  0.471608
0.535650  0.471613
0.538495  0.468980
0.541345  0.467235
0.544195  0.465078
0.547045  0.467064
0.549895  0.470487
0.552740  0.468165
0.555590  0.468608
0.558440  0.471842
0.561290  0.470531
0.564135  0.471394
0.566984  0.475389
0.569834  0.469494
0.572684  0.472834
0.575534  0.469952
0.578379  0.478814
0.581229  0.469165
0.584079  0.472570
0.586929  0.472870
0.589774  0.473123
0.592624  0.473702
0.595473  0.473457
0.598323  0.469493
0.601168  0.464003
0.604018  0.459784
0.606868  0.456879
0.609718  0.462705
0.612568  0.464514
0.615413  0.465343
0.618263  0.465497
0.621113  0.465267
0.623962  0.471596
0.626808  0.473505
0.629657  0.467896
0.632507  0.468305
0.635357  0.467788
0.638207  0.465007
0.641052  0.469697
0.643902  0.471384
0.646752  0.473137
0.649602  0.477302
0.652447  0.475501
0.655297  0.477905
0.658146  0.485505
0.660996  0.474367
0.663846  0.475587
0.666691  0.472142
0.669541  0.482756
0.672391  0.481042
0.675241  0.490140
0.678086  0.487254
0.680936  0.506058
0.683786  0.497960
0.686635  0.497285
0.689485  0.503262
0.692330  0.494412
0.695180  0.491371
0.698030  0.501464
0.700880  0.502307
0.703725  0.502529
0.706575  0.498647
0.709425  0.508418
0.712275  0.497519
0.715120  0.468546
0.717969  0.476026
0.720819  0.465749
0.723669  0.470051
0.726519  0.476438
0.729364  0.470095
0.732214  0.469829
0.735064  0.469450
0.737914  0.458590
0.740759  0.470536
0.743609  0.472789
0.746458  0.456017
0.749308  0.468645
0.752158  0.469471
0.755003  0.464875
0.757853  0.468865
0.760703  0.466265
0.763553  0.467486
0.766398  0.477317
0.769248  0.478771
0.772098  0.480724
0.774947  0.473753
0.777797  0.470182
0.780642  0.457538
0.783492  0.473142
0.786342  0.462608
0.789192  0.467139
0.792037  0.466860
0.794887  0.467903
0.797737  0.466252
0.800587  0.464073
0.803432  0.457457
0.806282  0.463918
0.809131  0.460321
0.811981  0.461630
0.814831  0.458397
0.817676  0.446810
0.820526  0.434694
0.823376  0.425726
0.826226  0.410895
0.829071  0.415445
0.831921  0.425067
0.834771  0.425678
0.837620  0.423174
0.840470  0.423874
0.843315  0.426459
0.846165  0.429066
0.849015  0.425500
0.851865  0.422664
0.854710  0.419246
0.857560  0.427630
0.860410  0.428722
0.863260  0.423397
0.866109  0.423638
0.868954  0.408841
0.871804  0.392723
0.874654  0.374192
0.877504  0.347418
0.880349  0.322203
0.883199  0.299433
0.886049  0.291157
0.888899  0.292603
0.891749  0.294312
0.894594  0.304065
0.897443  0.311528
0.900293  0.308315
0.903143  0.298574
0.905988  0.286718
0.908838  0.296337
0.911688  0.292937
0.914538  0.305232
0.917383  0.286439
0.920233  0.291538
0.923083  0.290861
0.925932  0.284658
0.928782  0.285687
0.931627  0.287567
0.934477  0.290418
0.937327  0.295348
0.940177  0.288126
0.943022  0.297107
0.945872  0.288778
0.948722  0.280757
0.951572  0.283180
0.954421  0.277221
0.957267  0.289417
0.960116  0.281564
0.962966  0.276303
0.965816  0.283879
0.968661  0.272593
0.971511  0.239853
0.974361  0.233078
0.977211  0.230111
0.980061  0.233439
0.982906  0.245471
0.985756  0.260340
0.988605  0.267262
0.991455  0.257517
0.994300  0.270670
0.997150  0.261678
1.000000  0.279631
