0.000000  0.152142
0.001059  0.139930
0.002117  0.127167
0.003176  0.093730
0.004234  0.155244
0.005293  0.143525
0.006351  0.163013
0.007410  0.153655
0.008468  0.149631
0.009527  0.140400
0.010586  0.148798
0.011644  0.147289
0.012703  0.154505
0.013761  0.160889
0.014820  0.145700
0.015879  0.148987
0.016937  0.149535
0.017996  0.154040
0.019054  0.154178
0.020113  0.162788
0.021171  0.157176
0.022229  0.167349
0.023288  0.175617
0.024346  0.169618
0.025405  0.173747
0.026464  0.179814
0.027522  0.172756
0.028581  0.188616
0.029639  0.174480
0.030698  0.196699
0.031757  0.178075
0.032815  0.188795
0.033874  0.190312
0.034932  0.192969
0.035991  0.185379
0.037049  0.199705
0.038108  0.188284
0.039166  0.196888
0.040225  0.191061
0.041283  0.193559
0.042342  0.192968
0.043400  0.195674
0.044459  0.192877
0.045517  0.207297
0.046576  0.199260
0.047635  0.206744
0.048693  0.198434
0.049752  0.210566
0.050810  0.202280
0.051869  0.214669
0.052927  0.214090
0.053986  0.221230
0.055044  0.219649
0.056103  0.230162
0.057161  0.222396
0.058220  0.226767
0.059278  0.220688
0.060337  0.227035
0.061396  0.218734
0.062454  0.241523
0.063513  0.223870
0.064571  0.240459
0.065630  0.243669
0.066688  0.250038
0.067747  0.247183
0.068806  0.252907
0.069864  0.249943
0.070923  0.259675
0.071981  0.252324
0.073040  0.265272
0.074098  0.262612
0.075157  0.267496
0.076215  0.252999
0.077274  0.267762
0.078332  0.272265
0.079391  0.276788
0.080449  0.264911
0.081508  0.285162
0.082567  0.281506
0.083625  0.278855
0.084684  0.286239
0.085742  0.284216
0.086801  0.290419
0.087859  0.298241
0.088918  0.285704
0.089976  0.295761
0.091035  0.289318
0.092093  0.304645
0.093152  0.292501
0.094210  0.308482
0.095269  0.302311
0.096327  0.298147
0.097386  0.309244
0.098445  0.305226
0.099503  0.305266
0.100562  0.317504
0.101620  0.309183
0.102679  0.319900
0.103738  0.308238
0.104796  0.314869
0.105854  0.327798
0.106913  0.318890
0.107971  0.305036
0.109030  0.340563
0.110088  0.319400
0.111147  0.332935
0.112205  0.321473
0.113264  0.340099
0.114323  0.328373
0.115381  0.330638
0.116440  0.324956
0.117498  0.336297
0.118557  0.334609
0.119616  0.337183
0.120674  0.330991
0.121733  0.335780
0.122791  0.316546
0.123850  0.339839
0.124908  0.340811
0.125967  0.348283
0.127025  0.325490
0.128084  0.337835
0.129142  0.338078
0.130201  0.347439
0.131259  0.346587
0.132318  0.346724
0.133377  0.353242
0.134435  0.342927
0.135494  0.343488
0.136552  0.347737
0.137611  0.344915
0.138669  0.349792
0.139728  0.357817
0.140786  0.363390
0.141845  0.351054
0.142903  0.364060
0.143962  0.355594
0.145020  0.354821
0.146079  0.353786
0.147137  0.357808
0.148196  0.352603
0.149255  0.369375
0.150313  0.353113
0.151372  0.381286
0.152430  0.353683
0.153489  0.377721
0.154548  0.359980
0.155606  0.374480
0.156665  0.356712
0.157723  0.371811
0.158782  0.369825
0.159840  0.379806
0.160898  0.371663
0.161957  0.379503
0.163015  0.373472
0.164074  0.372741
0.165133  0.371654
0.166191  0.388892
0.167250  0.371014
0.168308  0.380711
0.169367  0.376595
0.170426  0.388787
0.171484  0.387452
0.172543  0.401538
0.173601  0.373784
0.174660  0.386479
0.175718  0.375020
0.176777  0.390149
0.177835  0.387513
0.178894  0.403521
0.179952  0.392807
0.181011  0.405077
0.182069  0.387108
0.183128  0.391423
0.184187  0.399328
0.185245  0.411130
0.186304  0.390709
0.187362  0.409488
0.188421  0.384783
0.189479  0.406998
0.190538  0.398981
0.191596  0.389748
0.192655  0.386990
0.193713  0.411047
0.194772  0.388592
0.195830  0.399853
0.196889  0.406986
0.197947  0.410504
0.199006  0.423005
0.200065  0.413626
0.201123  0.409797
0.202182  0.412695
0.203240  0.405791
0.204299  0.408069
0.205358  0.410383
0.206416  0.434030
0.207475  0.416225
0.208533  0.422386
0.209592  0.387701
0.210650  0.420586
0.211709  0.421160
0.212767  0.439193
0.213826  0.426220
0.214884  0.434041
0.215943  0.414399
0.217001  0.419988
0.218060  0.413482
0.219118  0.403588
0.220177  0.400216
0.221236  0.427986
0.222294  0.446389
0.223353  0.403208
0.224411  0.403902
0.225470  0.399841
0.226528  0.426092
0.227587  0.408872
0.228645  0.438575
0.229704  0.439421
0.230762  0.403273
0.231821  0.437151
0.232879  0.424939
0.233938  0.428415
0.234996  0.428757
0.236055  0.417033
0.237114  0.407046
0.238172  0.414634
0.239231  0.443458
0.240289  0.423527
0.241348  0.413803
0.242407  0.400095
0.243465  0.415109
0.244523  0.396206
0.245582  0.425829
0.246640  0.406967
0.247699  0.390652
0.248757  0.433646
0.249816  0.410428
0.250875  0.447472
0.251933  0.404901
0.252992  0.439870
0.254050  0.450422
0.255109  0.429564
0.256168  0.397388
0.257226  0.420052
0.258285  0.428412
0.259343  0.424501
0.260402  0.469525
0.261460  0.405289
0.262519  0.498590
0.263577  0.494778
0.264636  0.459891
0.265694  0.374173
0.266753  0.466249
0.267811  0.428941
0.268870  0.409285
0.269928  0.420006
0.270987  0.479101
0.272046  0.425777
0.273104  0.478351
0.274163  0.426457
0.275221  0.453432
0.276280  0.445040
0.277338  0.422389
0.278397  0.413858
0.279455  0.464889
0.280514  0.462188
0.281572  0.443425
0.282631  0.524369
0.283689  0.465899
0.284748  0.470715
0.285806  0.412952
0.286865  0.462834
0.287923  0.431805
0.290654  0.446583
0.293503  0.444174
0.296353  0.447957
0.299198  0.444185
0.302048  0.446058
0.304898  0.446938
0.307748  0.446793
0.310593  0.450574
0.313443  0.446897
0.316293  0.451098
0.319143  0.452510
0.321992  0.452439
0.324838  0.452469
0.327687  0.453452
0.330537  0.456464
0.333387  0.461615
0.336232  0.461235
0.339082  0.467746
0.341932  0.477373
0.344782  0.489525
0.347632  0.487226
0.350477  0.481945
0.353327  0.479148
0.356176  0.479253
0.359026  0.473641
0.361871  0.469003
0.364721  0.463616
0.367571  0.460606
0.370421  0.458199
0.373271  0.459526
0.376116  0.458892
0.378966  0.461951
0.381816  0.457629
0.384665  0.456329
0.387510  0.464429
0.390360  0.460479
0.393210  0.462183
0.396060  0.464014
0.398910  0.463809
0.401755  0.465800
0.404605  0.463643
0.407455  0.468643
0.410305  0.462908
0.413150  0.463928
0.415999  0.467396
0.418849  0.468938
0.421699  0.469013
0.424544  0.465304
0.427394  0.469476
0.430244  0.473459
0.433094  0.473019
0.435944  0.473498
0.438789  0.477093
0.441639  0.478038
0.444488  0.479676
0.447338  0.483471
0.450183  0.495655
0.453033  0.505958
0.455883  0.524775
0.458733  0.507106
0.461583  0.523513
0.464428  0.523862
0.467278  0.517277
0.470128  0.511704
0.472977  0.509902
0.475823  0.507096
0.478672  0.503684
0.481522  0.500478
0.484372  0.496373
0.487222  0.497804
0.490067  0.481492
0.492917  0.486270
0.495767  0.479980
0.498617  0.475391
0.501462  0.476635
0.504312  0.485763
0.507161  0.480307
0.510011  0.477718
0.512856  0.473553
0.515706  0.474955
0.518556  0.462848
0.521406  0.466591
0.524256  0.467651
0.527101  0.464213
0.529951  0.466837
0.532801  0.465533
0.535650  0.460894
0.538495  0.462688
0.541345  0.466116
0.544195  0.461859
0.547045  0.456082
0.549895  0.462443
0.552740  0.460024
0.555590  0.466168
0.558440  0.461941
0.561290  0.461115
0.564135  0.459967
0.566984  0.459693
0.569834  0.461740
0.572684  0.466569
0.575534  0.467750
0.578379  0.467122
0.581229  0.468414
0.584079  0.469233
0.586929  0.468398
0.589774  0.464191
0.592624  0.466143
0.595473  0.463246
0.598323  0.465107
0.601168  0.457909
0.604018  0.448894
0.606868  0.455490
0.609718  0.454754
0.612568  0.457857
0.615413  0.456834
0.618263  0.459618
0.621113  0.462650
0.623962  0.460234
0.626808  0.457243
0.629657  0.458186
0.632507  0.458917
0.635357  0.452677
0.638207  0.457636
0.641052  0.458445
0.643902  0.466562
0.646752  0.461891
0.649602  0.463994
0.652447  0.463584
0.655297  0.466248
0.658146  0.467500
0.660996  0.460075
0.663846  0.461289
0.666691  0.464887
0.669541  0.459548
0.672391  0.457460
0.675241  0.466447
0.678086  0.455737
0.680936  0.451914
0.683786  0.464031
0.686635  0.472679
0.689485  0.476733
0.692330  0.475322
0.695180  0.471328
0.698030  0.470323
0.700880  0.468884
0.703725  0.468324
0.706575  0.475944
0.709425  0.471873
0.712275  0.464299
0.715120  0.444776
0.717969  0.429167
0.720819  0.431607
0.723669  0.448656
0.726519  0.442410
0.729364  0.445532
0.732214  0.440536
0.735064  0.432997
0.737914  0.435496
0.740759  0.447582
0.743609  0.435203
0.746458  0.432801
0.749308  0.437754
0.752158  0.445239
0.755003  0.444062
0.757853  0.450179
0.760703  0.444211
0.763553  0.453505
0.766398  0.447212
0.769248  0.458926
0.772098  0.451396
0.774947  0.453989
0.777797  0.453668
0.780642  0.449834
0.783492  0.451340
0.786342  0.448513
0.789192  0.445750
0.792037  0.452906
0.794887  0.451174
0.797737  0.444956
0.800587  0.438667
0.803432  0.442623
0.806282  0.440572
0.809131  0.443048
0.811981  0.444124
0.814831  0.432267
0.817676  0.428951
0.820526  0.412927
0.823376  0.407014
0.826226  0.399898
0.829071  0.398177
0.831921  0.402553
0.834771  0.399348
0.837620  0.397585
0.840470  0.405606
0.843315  0.412222
0.846165  0.414594
0.849015  0.406456
0.851865  0.406072
0.854710  0.398107
0.857560  0.401524
0.860410  0.401776
0.863260  0.408614
0.866109  0.397347
0.868954  0.381733
0.871804  0.373804
0.874654  0.352239
0.877504  0.323989
0.880349  0.307883
0.883199  0.285555
0.886049  0.274876
0.888899  0.275821
0.891749  0.275249
0.894594  0.287395
0.897443  0.293841
0.900293  0.282914
0.903143  0.279604
0.905988  0.273650
0.908838  0.272732
0.911688  0.266618
0.914538  0.281739
0.917383  0.274852
0.920233  0.275856
0.923083  0.268122
0.925932  0.266327
0.928782  0.268918
0.931627  0.268599
0.934477  0.266926
0.937327  0.269545
0.940177  0.271565
0.943022  0.270092
0.945872  0.272587
0.948722  0.266977
0.951572  0.263121
0.954421  0.264157
0.957267  0.261834
0.960116  0.257144
0.962966  0.258110
0.965816  0.243903
0.968661  0.236418
0.971511  0.226974
0.974361  0.215386
0.977211  0.205413
0.980061  0.211659
0.982906  0.228697
0.985756  0.235110
0.988605  0.239949
0.991455  0.246332
0.994300  0.245055
0.997150  0.251183
1.000000  0.255281
