0.000000  0.138254
0.001059  0.161084
0.002117  0.129640
0.003176  0.146118
0.004234  0.167895
0.005293  0.164190
0.006351  0.148158
0.007410  0.115758
0.008468  0.127853
0.009527  0.107453
0.010586  0.111357
0.011644  0.116705
0.012703  0.150882
0.013761  0.123034
0.014820  0.140808
0.015879  0.130642
0.016937  0.121895
0.017996  0.128443
0.019054  0.138373
0.020113  0.146719
0.021171  0.156159
0.022229  0.164032
0.023288  0.166867
0.024346  0.161478
0.025405  0.162282
0.026464  0.159497
0.027522  0.168062
0.028581  0.172524
0.029639  0.172150
0.030698  0.164310
0.031757  0.165190
0.032815  0.171037
0.033874  0.175640
0.034932  0.180814
0.035991  0.174094
0.037049  0.182878
0.038108  0.172676
0.039166  0.189985
0.040225  0.179232
0.041283  0.191804
0.042342  0.179317
0.043400  0.198178
0.044459  0.178300
0.045517  0.198726
0.046576  0.185313
0.047635  0.186925
0.048693  0.181181
0.049752  0.199484
0.050810  0.189603
0.051869  0.196845
0.052927  0.201417
0.053986  0.204738
0.055044  0.203121
0.056103  0.210397
0.057161  0.202954
0.058220  0.216853
0.059278  0.207212
0.060337  0.219137
0.061396  0.211870
0.062454  0.224097
0.063513  0.218974
0.064571  0.226024
0.065630  0.228698
0.066688  0.236484
0.067747  0.225067
0.068806  0.226648
0.069864  0.227823
0.070923  0.239753
0.071981  0.234967
0.073040  0.240702
0.074098  0.237855
0.075157  0.252988
0.076215  0.250271
0.077274  0.242490
0.078332  0.251509
0.079391  0.258908
0.080449  0.246650
0.081508  0.260864
0.082567  0.258653
0.083625  0.261869
0.084684  0.258961
0.085742  0.266404
0.086801  0.269626
0.087859  0.269629
0.088918  0.279173
0.089976  0.277218
0.091035  0.268454
0.092093  0.272709
0.093152  0.277960
0.094210  0.270161
0.095269  0.280849
0.096327  0.277812
0.097386  0.276894
0.098445  0.280780
0.099503  0.284596
0.100562  0.292850
0.101620  0.284346
0.102679  0.286206
0.103738  0.285198
0.104796  0.286940
0.105854  0.283195
0.106913  0.294275
0.107971  0.289150
0.109030  0.297460
0.110088  0.284385
0.111147  0.282548
0.112205  0.288688
0.113264  0.300177
0.114323  0.290528
0.115381  0.292197
0.116440  0.298429
0.117498  0.296389
0.118557  0.294498
0.119616  0.302053
0.120674  0.298701
0.121733  0.304989
0.122791  0.302162
0.123850  0.312049
0.124908  0.289467
0.125967  0.296199
0.127025  0.306620
0.128084  0.314065
0.129142  0.307400
0.130201  0.315196
0.131259  0.316590
0.132318  0.301388
0.133377  0.327800
0.134435  0.313625
0.135494  0.308850
0.136552  0.321794
0.137611  0.318424
0.138669  0.317191
0.139728  0.322803
0.140786  0.319279
0.141845  0.324257
0.142903  0.321254
0.143962  0.315745
0.145020  0.326734
0.146079  0.338780
0.147137  0.335317
0.148196  0.332277
0.149255  0.336198
0.150313  0.336807
0.151372  0.330009
0.152430  0.325140
0.153489  0.309008
0.154548  0.333051
0.155606  0.341199
0.156665  0.338142
0.157723  0.340283
0.158782  0.332364
0.159840  0.349782
0.160898  0.335894
0.161957  0.350887
0.163015  0.333623
0.164074  0.342616
0.165133  0.326646
0.166191  0.347492
0.167250  0.341909
0.168308  0.347251
0.169367  0.357925
0.170426  0.335483
0.171484  0.348630
0.172543  0.339848
0.173601  0.337472
0.174660  0.350418
0.175718  0.345398
0.176777  0.360720
0.177835  0.354848
0.178894  0.354996
0.179952  0.350306
0.181011  0.364422
0.182069  0.351456
0.183128  0.351543
0.184187  0.361242
0.185245  0.366238
0.186304  0.343072
0.187362  0.360862
0.188421  0.344706
0.189479  0.361615
0.190538  0.358731
0.191596  0.365848
0.192655  0.362622
0.193713  0.354295
0.194772  0.357179
0.195830  0.369575
0.196889  0.355834
0.197947  0.367058
0.199006  0.361727
0.200065  0.364870
0.201123  0.380958
0.202182  0.376943
0.203240  0.372672
0.204299  0.368699
0.205358  0.376482
0.206416  0.368170
0.207475  0.365561
0.208533  0.359587
0.209592  0.364845
0.210650  0.384371
0.211709  0.377896
0.212767  0.370522
0.213826  0.381544
0.214884  0.374365
0.215943  0.370030
0.217001  0.375776
0.218060  0.387252
0.219118  0.365897
0.220177  0.370140
0.221236  0.384388
0.222294  0.394672
0.223353  0.371129
0.224411  0.372664
0.225470  0.392235
0.226528  0.391421
0.227587  0.378464
0.228645  0.381418
0.229704  0.386222
0.230762  0.375722
0.231821  0.355150
0.232879  0.373001
0.233938  0.389092
0.234996  0.368349
0.236055  0.375483
0.237114  0.380186
0.238172  0.409427
0.239231  0.372878
0.240289  0.377485
0.241348  0.380024
0.242407  0.339257
0.243465  0.395557
0.244523  0.367010
0.245582  0.397589
0.246640  0.384672
0.247699  0.383810
0.248757  0.397030
0.249816  0.363778
0.250875  0.390734
0.251933  0.322708
0.252992  0.356350
0.254050  0.366701
0.255109  0.412921
0.256168  0.372302
0.257226  0.356773
0.258285  0.423620
0.259343  0.351678
0.260402  0.338941
0.261460  0.402980
0.262519  0.357442
0.263577  0.359941
0.264636  0.358426
0.265694  0.386765
0.266753  0.339208
0.267811  0.385362
0.268870  0.359982
0.269928  0.369169
0.270987  0.357235
0.272046  0.422951
0.273104  0.390598
0.274163  0.390140
0.275221  0.365118
0.276280  0.361877
0.277338  0.406317
0.278397  0.399220
0.279455  0.373639
0.280514  0.407798
0.281572  0.395169
0.282631  0.394953
0.283689  0.387401
0.284748  0.389025
0.285806  0.387715
0.286865  0.398664
0.287923  0.386336
0.290654  0.463282
0.293503  0.458786
0.296353  0.461273
0.299198  0.464250
0.302048  0.465063
0.304898  0.460003
0.307748  0.462245
0.310593  0.466108
0.313443  0.467344
0.316293  0.466968
0.319143  0.466753
0.321992  0.465989
0.324838  0.467538
0.327687  0.469981
0.330537  0.468076
0.333387  0.480271
0.336232  0.478427
0.339082  0.480475
0.341932  0.501912
0.344782  0.511918
0.347632  0.520710
0.350477  0.497865
0.353327  0.503499
0.356176  0.497245
0.359026  0.491906
0.361871  0.491381
0.364721  0.484898
0.367571  0.479526
0.370421  0.481830
0.373271  0.477281
0.376116  0.480005
0.378966  0.477762
0.381816  0.479587
0.384665  0.485031
0.387510  0.480542
0.390360  0.479976
0.393210  0.480876
0.396060  0.481232
0.398910  0.480885
0.401755  0.479699
0.404605  0.483497
0.407455  0.483089
0.410305  0.484118
0.413150  0.486114
0.415999  0.487256
0.418849  0.487807
0.421699  0.485031
0.424544  0.486135
0.427394  0.483220
0.430244  0.490008
0.433094  0.486894
0.435944  0.495050
0.438789  0.496174
0.441639  0.494765
0.444488  0.500988
0.447338  0.515619
0.450183  0.520679
0.453033  0.542926
0.455883  0.555935
0.458733  0.570710
0.461583  0.570800
0.464428  0.556107
0.467278  0.559528
0.470128  0.547236
0.472977  0.545423
0.475823  0.547044
0.478672  0.546052
0.481522  0.545679
0.484372  0.541049
0.487222  0.529899
0.490067  0.533320
0.492917  0.526732
0.495767  0.533231
0.498617  0.523374
0.501462  0.522444
0.504312  0.514729
0.507161  0.529825
0.510011  0.518414
0.512856  0.504479
0.515706  0.501019
0.518556  0.505581
0.521406  0.496111
0.524256  0.497590
0.527101  0.495507
0.529951  0.499012
0.532801  0.495873
0.535650  0.493018
0.538495  0.484634
0.541345  0.490070
0.544195  0.495157
0.547045  0.492562
0.549895  0.496004
0.552740  0.490557
0.555590  0.492264
0.558440  0.493812
0.561290  0.489465
0.564135  0.497613
0.566984  0.495203
0.569834  0.492041
0.572684  0.493281
0.575534  0.490977
0.578379  0.495433
0.581229  0.497518
0.584079  0.494461
0.586929  0.495061
0.589774  0.490083
0.592624  0.495976
0.595473  0.493159
0.598323  0.491247
0.601168  0.486377
0.604018  0.476029
0.606868  0.476478
0.609718  0.482958
0.612568  0.484179
0.615413  0.483912
0.618263  0.489641
0.621113  0.499056
0.623962  0.491225
0.626808  0.490646
0.629657  0.496323
0.632507  0.494795
0.635357  0.493813
0.638207  0.485352
0.641052  0.491139
0.643902  0.492821
0.646752  0.493668
0.649602  0.500062
0.652447  0.503273
0.655297  0.502712
0.658146  0.502698
0.660996  0.508876
0.663846  0.499205
0.666691  0.495864
0.669541  0.493517
0.672391  0.502142
0.675241  0.511696
0.678086  0.508079
0.680936  0.513105
0.683786  0.494743
0.686635  0.513391
0.689485  0.499120
0.692330  0.523118
0.695180  0.504025
0.698030  0.518962
0.700880  0.518540
0.703725  0.531108
0.706575  0.503746
0.709425  0.489914
0.712275  0.487378
0.715120  0.493229
0.717969  0.475507
0.720819  0.477083
0.723669  0.479815
0.726519  0.499249
0.729364  0.506207
0.732214  0.493228
0.735064  0.485552
0.737914  0.471467
0.740759  0.476724
0.743609  0.472929
0.746458  0.477391
0.749308  0.492449
0.752158  0.488199
0.755003  0.481333
0.757853  0.492393
0.760703  0.484050
0.763553  0.488782
0.766398  0.484588
0.769248  0.488653
0.772098  0.489999
0.774947  0.488792
0.777797  0.499495
0.780642  0.489983
0.783492  0.486309
0.786342  0.486913
0.789192  0.482138
0.792037  0.483781
0.794887  0.486015
0.797737  0.491503
0.800587  0.482440
0.803432  0.482998
0.806282  0.478454
0.809131  0.481819
0.811981  0.475586
0.814831  0.473105
0.817676  0.460567
0.820526  0.446480
0.823376  0.438234
0.826226  0.432661
0.829071  0.435734
0.831921  0.442189
0.834771  0.433406
0.837620  0.441649
0.840470  0.442636
0.843315  0.445903
0.846165  0.448583
0.849015  0.444438
0.851865  0.436376
0.854710  0.449184
0.857560  0.442966
0.860410  0.441828
0.863260  0.450687
0.866109  0.438707
0.868954  0.427815
0.871804  0.406976
0.874654  0.385433
0.877504  0.356361
0.880349  0.326912
0.883199  0.312525
0.886049  0.299151
0.888899  0.300824
0.891749  0.307026
0.894594  0.313780
0.897443  0.320573
0.900293  0.315242
0.903143  0.308318
0.905988  0.300530
0.908838  0.296139
0.911688  0.308535
0.914538  0.305319
0.917383  0.301988
0.920233  0.301113
0.923083  0.296882
0.925932  0.281101
0.928782  0.294281
0.931627  0.285967
0.934477  0.295670
0.937327  0.298236
0.940177  0.297478
0.943022  0.296786
0.945872  0.301009
0.948722  0.293205
0.951572  0.299616
0.954421  0.292943
0.957267  0.288395
0.960116  0.287647
0.962966  0.281156
0.965816  0.284244
0.968661  0.268639
0.971511  0.252504
0.974361  0.230929
0.977211  0.232120
0.980061  0.232828
0.982906  0.252358
0.985756  0.269256
0.988605  0.283556
0.991455  0.265762
0.994300  0.278667
0.997150  0.280434
1.000000  0.269113
