0.000000  0.201954
0.001059  0.126615
0.002117  0.120289
0.003176  0.159154
0.004234  0.142556
0.005293  0.176727
0.006351  0.154958
0.007410  0.136298
0.008468  0.155739
0.009527  0.134607
0.010586  0.152963
0.011644  0.143014
0.012703  0.145884
0.013761  0.137204
0.014820  0.142936
0.015879  0.137480
0.016937  0.172866
0.017996  0.163401
0.019054  0.151514
0.020113  0.152295
0.021171  0.149035
0.022229  0.173318
0.023288  0.172331
0.024346  0.169758
0.025405  0.168017
0.026464  0.175038
0.027522  0.189531
0.028581  0.180143
0.029639  0.177123
0.030698  0.188722
0.031757  0.181681
0.032815  0.185671
0.033874  0.184929
0.034932  0.178797
0.035991  0.184270
0.037049  0.183517
0.038108  0.188137
0.039166  0.191610
0.040225  0.195191
0.041283  0.189330
0.042342  0.191216
0.043400  0.197097
0.044459  0.198813
0.045517  0.198531
0.046576  0.203334
0.047635  0.208251
0.048693  0.204033
0.049752  0.207745
0.050810  0.203967
0.051869  0.215139
0.052927  0.205943
0.053986  0.221245
0.055044  0.214132
0.056103  0.227626
0.057161  0.224012
0.058220  0.233962
0.059278  0.224254
0.060337  0.241747
0.061396  0.230071
0.062454  0.238530
0.063513  0.237191
0.064571  0.250423
0.065630  0.240643
0.066688  0.251498
0.067747  0.252936
0.068806  0.249212
0.069864  0.252468
0.070923  0.254171
0.071981  0.251748
0.073040  0.264667
0.074098  0.250969
0.075157  0.266939
0.076215  0.255191
0.077274  0.270499
0.078332  0.267344
0.079391  0.274334
0.080449  0.273934
0.081508  0.284800
0.082567  0.271952
0.083625  0.290478
0.084684  0.283956
0.085742  0.289992
0.086801  0.283014
0.087859  0.296153
0.088918  0.297663
0.089976  0.297197
0.091035  0.290334
0.092093  0.304617
0.093152  0.295480
0.094210  0.294684
0.095269  0.296904
0.096327  0.297996
0.097386  0.309120
0.098445  0.311353
0.099503  0.317063
0.100562  0.320679
0.101620  0.304813
0.102679  0.308135
0.103738  0.315604
0.104796  0.311870
0.105854  0.309200
0.106913  0.318898
0.107971  0.313650
0.109030  0.310289
0.110088  0.317345
0.111147  0.313602
0.112205  0.328902
0.113264  0.320508
0.114323  0.310956
0.115381  0.330139
0.116440  0.325738
0.117498  0.316448
0.118557  0.328354
0.119616  0.336226
0.120674  0.334829
0.121733  0.329984
0.122791  0.331239
0.123850  0.335054
0.124908  0.331870
0.125967  0.330614
0.127025  0.340349
0.128084  0.336839
0.129142  0.327965
0.130201  0.339483
0.131259  0.339073
0.132318  0.342330
0.133377  0.341364
0.134435  0.345888
0.135494  0.343683
0.136552  0.350158
0.137611  0.350087
0.138669  0.354155
0.139728  0.339556
0.140786  0.360641
0.141845  0.341266
0.142903  0.364776
0.143962  0.349240
0.145020  0.351332
0.146079  0.345103
0.147137  0.356696
0.148196  0.348486
0.149255  0.367805
0.150313  0.360579
0.151372  0.378579
0.152430  0.356644
0.153489  0.365612
0.154548  0.361320
0.155606  0.363601
0.156665  0.356212
0.157723  0.360508
0.158782  0.365379
0.159840  0.369812
0.160898  0.362681
0.161957  0.387688
0.163015  0.364260
0.164074  0.362294
0.165133  0.363089
0.166191  0.379871
0.167250  0.380567
0.168308  0.372995
0.169367  0.373473
0.170426  0.395337
0.171484  0.386781
0.172543  0.369468
0.173601  0.388706
0.174660  0.389078
0.175718  0.389313
0.176777  0.382222
0.177835  0.390815
0.178894  0.391495
0.179952  0.380110
0.181011  0.384056
0.182069  0.378018
0.183128  0.400198
0.184187  0.378909
0.185245  0.390009
0.186304  0.392124
0.187362  0.404603
0.188421  0.393493
0.189479  0.394787
0.190538  0.381778
0.191596  0.406008
0.192655  0.387667
0.193713  0.420371
0.194772  0.369731
0.195830  0.401680
0.196889  0.407766
0.197947  0.417721
0.199006  0.382207
0.200065  0.406105
0.201123  0.379597
0.202182  0.423148
0.203240  0.398524
0.204299  0.420363
0.205358  0.407015
0.206416  0.410334
0.207475  0.396607
0.208533  0.416024
0.209592  0.410609
0.210650  0.408204
0.211709  0.396923
0.212767  0.395381
0.213826  0.400170
0.214884  0.405622
0.215943  0.402963
0.217001  0.413411
0.218060  0.414881
0.219118  0.404640
0.220177  0.396151
0.221236  0.405776
0.222294  0.394151
0.223353  0.395086
0.224411  0.398245
0.225470  0.431794
0.226528  0.408078
0.227587  0.402618
0.228645  0.398617
0.229704  0.416662
0.230762  0.394876
0.231821  0.402418
0.232879  0.418928
0.233938  0.412423
0.234996  0.409819
0.236055  0.383449
0.237114  0.412176
0.238172  0.433981
0.239231  0.389345
0.240289  0.391856
0.241348  0.427621
0.242407  0.415942
0.243465  0.388481
0.244523  0.414130
0.245582  0.409676
0.246640  0.416247
0.247699  0.397062
0.248757  0.388603
0.249816  0.400326
0.250875  0.442827
0.251933  0.417859
0.252992  0.441882
0.254050  0.395134
0.255109  0.427116
0.256168  0.400390
0.257226  0.438964
0.258285  0.420431
0.259343  0.430003
0.260402  0.396320
0.261460  0.397750
0.262519  0.412368
0.263577  0.396167
0.264636  0.418425
0.265694  0.406724
0.266753  0.454718
0.267811  0.421495
0.268870  0.421978
0.269928  0.398203
0.270987  0.413581
0.272046  0.416310
0.273104  0.461083
0.274163  0.410417
0.275221  0.435450
0.276280  0.433550
0.277338  0.396879
0.278397  0.430685
0.279455  0.441874
0.280514  0.409808
0.281572  0.416795
0.282631  0.424820
0.283689  0.420763
0.284748  0.446655
0.285806  0.435710
0.286865  0.437556
0.287923  0.443905
0.290654  0.465604
0.293503  0.466839
0.296353  0.469974
0.299198  0.466206
0.302048  0.468191
0.304898  0.470033
0.307748  0.468536
0.310593  0.470923
0.313443  0.472631
0.316293  0.476058
0.319143  0.474322
0.321992  0.472627
0.324838  0.476243
0.327687  0.475019
0.330537  0.473154
0.333387  0.479823
0.336232  0.485198
0.339082  0.489897
0.341932  0.506138
0.344782  0.516388
0.347632  0.523762
0.350477  0.520781
0.353327  0.504928
0.356176  0.499018
0.359026  0.502685
0.361871  0.487493
0.364721  0.485463
0.367571  0.485271
0.370421  0.482286
0.373271  0.488509
0.376116  0.483153
0.378966  0.484886
0.381816  0.483696
0.384665  0.487790
0.387510  0.485243
0.390360  0.487005
0.393210  0.486658
0.396060  0.488523
0.398910  0.490165
0.401755  0.490040
0.404605  0.491259
0.407455  0.490775
0.410305  0.491658
0.413150  0.491277
0.415999  0.492008
0.418849  0.492107
0.421699  0.492154
0.424544  0.496335
0.427394  0.498236
0.430244  0.502425
0.433094  0.500187
0.435944  0.499767
0.438789  0.497162
0.441639  0.506457
0.444488  0.506511
0.447338  0.516740
0.450183  0.522997
0.453033  0.544657
0.455883  0.546034
0.458733  0.532238
0.461583  0.558026
0.464428  0.548570
0.467278  0.540476
0.470128  0.551631
0.472977  0.546037
0.475823  0.533974
0.478672  0.546295
0.481522  0.541789
0.484372  0.534109
0.487222  0.531653
0.490067  0.526661
0.492917  0.538324
0.495767  0.535483
0.498617  0.520789
0.501462  0.519202
0.504312  0.517711
0.507161  0.530941
0.510011  0.505125
0.512856  0.513961
0.515706  0.506267
0.518556  0.506537
0.521406  0.506081
0.524256  0.498950
0.527101  0.507371
0.529951  0.497392
0.532801  0.494848
0.535650  0.493160
0.538495  0.496196
0.541345  0.498062
0.544195  0.498295
0.547045  0.497058
0.549895  0.490576
0.552740  0.495726
0.555590  0.501067
0.558440  0.499032
0.561290  0.501205
0.564135  0.498230
0.566984  0.499904
0.569834  0.496397
0.572684  0.501894
0.575534  0.497265
0.578379  0.500912
0.581229  0.502374
0.584079  0.500502
0.586929  0.505374
0.589774  0.498115
0.592624  0.498318
0.595473  0.508238
0.598323  0.497358
0.601168  0.497409
0.604018  0.484463
0.606868  0.481895
0.609718  0.492549
0.612568  0.489344
0.615413  0.495478
0.618263  0.493721
0.621113  0.499264
0.623962  0.495239
0.626808  0.502173
0.629657  0.494796
0.632507  0.499462
0.635357  0.502387
0.638207  0.491942
0.641052  0.498588
0.643902  0.501410
0.646752  0.499615
0.649602  0.501254
0.652447  0.501425
0.655297  0.502759
0.658146  0.503694
0.660996  0.522475
0.663846  0.511726
0.666691  0.502771
0.669541  0.495434
0.672391  0.498427
0.675241  0.503378
0.678086  0.497663
0.680936  0.491674
0.683786  0.495234
0.686635  0.500141
0.689485  0.501902
0.692330  0.514665
0.695180  0.521152
0.698030  0.514147
0.700880  0.500943
0.703725  0.503576
0.706575  0.498428
0.709425  0.491679
0.712275  0.500155
0.715120  0.492647
0.717969  0.485198
0.720819  0.494345
0.723669  0.477404
0.726519  0.479792
0.729364  0.489769
0.732214  0.487053
0.735064  0.482514
0.737914  0.482926
0.740759  0.471735
0.743609  0.476318
0.746458  0.466864
0.749308  0.486019
0.752158  0.482948
0.755003  0.490912
0.757853  0.491008
0.760703  0.498943
0.763553  0.503074
0.766398  0.494792
0.769248  0.493355
0.772098  0.500297
0.774947  0.497734
0.777797  0.490875
0.780642  0.481038
0.783492  0.490459
0.786342  0.497285
0.789192  0.495349
0.792037  0.488698
0.794887  0.493109
0.797737  0.481625
0.800587  0.492989
0.803432  0.487907
0.806282  0.483585
0.809131  0.479336
0.811981  0.482920
0.814831  0.477521
0.817676  0.465823
0.820526  0.450487
0.823376  0.442887
0.826226  0.440209
0.829071  0.435959
0.831921  0.444442
0.834771  0.451146
0.837620  0.445822
0.840470  0.450566
0.843315  0.451197
0.846165  0.456166
0.849015  0.452634
0.851865  0.445519
0.854710  0.448455
0.857560  0.448550
0.860410  0.446595
0.863260  0.443949
0.866109  0.444368
0.868954  0.430884
0.871804  0.412004
0.874654  0.388017
0.877504  0.360916
0.880349  0.339622
0.883199  0.313652
0.886049  0.301004
0.888899  0.308928
0.891749  0.308090
0.894594  0.314605
0.897443  0.325223
0.900293  0.322008
0.903143  0.317664
0.905988  0.300832
0.908838  0.302470
0.911688  0.307841
0.914538  0.306074
0.917383  0.305120
0.920233  0.304397
0.923083  0.293159
0.925932  0.286307
0.928782  0.296779
0.931627  0.295011
0.934477  0.300677
0.937327  0.307115
0.940177  0.302129
0.943022  0.298351
0.945872  0.298858
0.948722  0.284771
0.951572  0.288102
0.954421  0.285453
0.957267  0.297974
0.960116  0.291726
0.962966  0.286861
0.965816  0.290057
0.968661  0.272732
0.971511  0.251680
0.974361  0.231446
0.977211  0.233147
0.980061  0.233729
0.982906  0.258585
0.985756  0.262927
0.988605  0.260567
0.991455  0.279644
0.994300  0.284154
0.997150  0.280737
1.000000  0.275777
