0.000000  0.134839
0.001059  0.172132
0.002117  0.169222
0.003176  0.155359
0.004234  0.175659
0.005293  0.188546
0.006351  0.168709
0.007410  0.163697
0.008468  0.158189
0.009527  0.157561
0.010586  0.157544
0.011644  0.160088
0.012703  0.168108
0.013761  0.162178
0.014820  0.157426
0.015879  0.161826
0.016937  0.161426
0.017996  0.167434
0.019054  0.162909
0.020113  0.162156
0.021171  0.165070
0.022229  0.175618
0.023288  0.171541
0.024346  0.174856
0.025405  0.171626
0.026464  0.178291
0.027522  0.183385
0.028581  0.180541
0.029639  0.182062
0.030698  0.182297
0.031757  0.183411
0.032815  0.187891
0.033874  0.181927
0.034932  0.190290
0.035991  0.182158
0.037049  0.193168
0.038108  0.189208
0.039166  0.189178
0.040225  0.187748
0.041283  0.197755
0.042342  0.187286
0.043400  0.199210
0.044459  0.195559
0.045517  0.202156
0.046576  0.197241
0.047635  0.208276
0.048693  0.198563
0.049752  0.206064
0.050810  0.201935
0.051869  0.213594
0.052927  0.208299
0.053986  0.215495
0.055044  0.212432
0.056103  0.218252
0.057161  0.214738
0.058220  0.223496
0.059278  0.218691
0.060337  0.228387
0.061396  0.222493
0.062454  0.232283
0.063513  0.224313
0.064571  0.236710
0.065630  0.228755
0.066688  0.238704
0.067747  0.238404
0.068806  0.246481
0.069864  0.242747
0.070923  0.251093
0.071981  0.246383
0.073040  0.250991
0.074098  0.250661
0.075157  0.256977
0.076215  0.254963
0.077274  0.257990
0.078332  0.254674
0.079391  0.263437
0.080449  0.260995
0.081508  0.266128
0.082567  0.265238
0.083625  0.274488
0.084684  0.268857
0.085742  0.277333
0.086801  0.271955
0.087859  0.273400
0.088918  0.276299
0.089976  0.282364
0.091035  0.286625
0.092093  0.282751
0.093152  0.286788
0.094210  0.290224
0.095269  0.287198
0.096327  0.290809
0.097386  0.293416
0.098445  0.294889
0.099503  0.293651
0.100562  0.300104
0.101620  0.298904
0.102679  0.302578
0.103738  0.288205
0.104796  0.301063
0.105854  0.301310
0.106913  0.304948
0.107971  0.301115
0.109030  0.304548
0.110088  0.299369
0.111147  0.305137
0.112205  0.303772
0.113264  0.311103
0.114323  0.304202
0.115381  0.304927
0.116440  0.306709
0.117498  0.309841
0.118557  0.309978
0.119616  0.308602
0.120674  0.315193
0.121733  0.317001
0.122791  0.314025
0.123850  0.324010
0.124908  0.317611
0.125967  0.320050
0.127025  0.322220
0.128084  0.317754
0.129142  0.318782
0.130201  0.321154
0.131259  0.321964
0.132318  0.327547
0.133377  0.321651
0.134435  0.324282
0.135494  0.325680
0.136552  0.322507
0.137611  0.327517
0.138669  0.327240
0.139728  0.328489
0.140786  0.332944
0.141845  0.331150
0.142903  0.330510
0.143962  0.330161
0.145020  0.331851
0.146079  0.336425
0.147137  0.336322
0.148196  0.333159
0.149255  0.344101
0.150313  0.335771
0.151372  0.347908
0.152430  0.344756
0.153489  0.348596
0.154548  0.335756
0.155606  0.346152
0.156665  0.345365
0.157723  0.349556
0.158782  0.349322
0.159840  0.356412
0.160898  0.348507
0.161957  0.355342
0.163015  0.350107
0.164074  0.361466
0.165133  0.353036
0.166191  0.359158
0.167250  0.361131
0.168308  0.362431
0.169367  0.355933
0.170426  0.366464
0.171484  0.360221
0.172543  0.367231
0.173601  0.360815
0.174660  0.366760
0.175718  0.357698
0.176777  0.369353
0.177835  0.370233
0.178894  0.373157
0.179952  0.369988
0.181011  0.373693
0.182069  0.364729
0.183128  0.370162
0.184187  0.368686
0.185245  0.372859
0.186304  0.366966
0.187362  0.377311
0.188421  0.367989
0.189479  0.379216
0.190538  0.369873
0.191596  0.385583
0.192655  0.370999
0.193713  0.379777
0.194772  0.374560
0.195830  0.372021
0.196889  0.383440
0.197947  0.388736
0.199006  0.383416
0.200065  0.384449
0.201123  0.371268
0.202182  0.389948
0.203240  0.383083
0.204299  0.389291
0.205358  0.390061
0.206416  0.378194
0.207475  0.381904
0.208533  0.387705
0.209592  0.386142
0.210650  0.389054
0.211709  0.389713
0.212767  0.388541
0.213826  0.393230
0.214884  0.386280
0.215943  0.392851
0.217001  0.394605
0.218060  0.400124
0.219118  0.387738
0.220177  0.386366
0.221236  0.393595
0.222294  0.387751
0.223353  0.386697
0.224411  0.393936
0.225470  0.387625
0.226528  0.392515
0.227587  0.396438
0.228645  0.396765
0.229704  0.388496
0.230762  0.395817
0.231821  0.388102
0.232879  0.393283
0.233938  0.390848
0.234996  0.386286
0.236055  0.393617
0.237114  0.394069
0.238172  0.383111
0.239231  0.394930
0.240289  0.385674
0.241348  0.380117
0.242407  0.387945
0.243465  0.388944
0.244523  0.394204
0.245582  0.393783
0.246640  0.400352
0.247699  0.391397
0.248757  0.397296
0.249816  0.400275
0.250875  0.396141
0.251933  0.399290
0.252992  0.417924
0.254050  0.384795
0.255109  0.399575
0.256168  0.407228
0.257226  0.416480
0.258285  0.405349
0.259343  0.404783
0.260402  0.413369
0.261460  0.372122
0.262519  0.424148
0.263577  0.409635
0.264636  0.412248
0.265694  0.415798
0.266753  0.388799
0.267811  0.417352
0.268870  0.386272
0.269928  0.424239
0.270987  0.409193
0.272046  0.421048
0.273104  0.404753
0.274163  0.408044
0.275221  0.407022
0.276280  0.415180
0.277338  0.385709
0.278397  0.412039
0.279455  0.395558
0.280514  0.397917
0.281572  0.411505
0.282631  0.409252
0.283689  0.414281
0.284748  0.411314
0.285806  0.392553
0.286865  0.396565
0.287923  0.407296
0.290654  0.462970
0.293503  0.461480
0.296353  0.463416
0.299198  0.463056
0.302048  0.464961
0.304898  0.461701
0.307748  0.466028
0.310593  0.467585
0.313443  0.467164
0.316293  0.466726
0.319143  0.466825
0.321992  0.467834
0.324838  0.469605
0.327687  0.471012
0.330537  0.472246
0.333387  0.473515
0.336232  0.478500
0.339082  0.480842
0.341932  0.494687
0.344782  0.508261
0.347632  0.504745
0.350477  0.497792
0.353327  0.493777
0.356176  0.494553
0.359026  0.489948
0.361871  0.484379
0.364721  0.482719
0.367571  0.478856
0.370421  0.479530
0.373271  0.477605
0.376116  0.478256
0.378966  0.478690
0.381816  0.478741
0.384665  0.478676
0.387510  0.479683
0.390360  0.479473
0.393210  0.481083
0.396060  0.482210
0.398910  0.482712
0.401755  0.483468
0.404605  0.483876
0.407455  0.483817
0.410305  0.483854
0.413150  0.483842
0.415999  0.483679
0.418849  0.486280
0.421699  0.485706
0.424544  0.487753
0.427394  0.487743
0.430244  0.488332
0.433094  0.489925
0.435944  0.491461
0.438789  0.491219
0.441639  0.492725
0.444488  0.497578
0.447338  0.503273
0.450183  0.510717
0.453033  0.527300
0.455883  0.542607
0.458733  0.541046
0.461583  0.532288
0.464428  0.531894
0.467278  0.532168
0.470128  0.528725
0.472977  0.532851
0.475823  0.527118
0.478672  0.528067
0.481522  0.522304
0.484372  0.529834
0.487222  0.518090
0.490067  0.521311
0.492917  0.515887
0.495767  0.515329
0.498617  0.515989
0.501462  0.511034
0.504312  0.508736
0.507161  0.506242
0.510011  0.501672
0.512856  0.505274
0.515706  0.500549
0.518556  0.495439
0.521406  0.495275
0.524256  0.490888
0.527101  0.488900
0.529951  0.485561
0.532801  0.488154
0.535650  0.487463
0.538495  0.484976
0.541345  0.483331
0.544195  0.490608
0.547045  0.484139
0.549895  0.484665
0.552740  0.485402
0.555590  0.485993
0.558440  0.485970
0.561290  0.485344
0.564135  0.487274
0.566984  0.486986
0.569834  0.485939
0.572684  0.487346
0.575534  0.487103
0.578379  0.487836
0.581229  0.488641
0.584079  0.487487
0.586929  0.485223
0.589774  0.486766
0.592624  0.487673
0.595473  0.488075
0.598323  0.483755
0.601168  0.480990
0.604018  0.474419
0.606868  0.472762
0.609718  0.474867
0.612568  0.479106
0.615413  0.478049
0.618263  0.478047
0.621113  0.479418
0.623962  0.483989
0.626808  0.483651
0.629657  0.479816
0.632507  0.479917
0.635357  0.480299
0.638207  0.477842
0.641052  0.481208
0.643902  0.478694
0.646752  0.485938
0.649602  0.486139
0.652447  0.487896
0.655297  0.486309
0.658146  0.488622
0.660996  0.488836
0.663846  0.481235
0.666691  0.483435
0.669541  0.486474
0.672391  0.476252
0.675241  0.476600
0.678086  0.484358
0.680936  0.488434
0.683786  0.489448
0.686635  0.490825
0.689485  0.489001
0.692330  0.494189
0.695180  0.496334
0.698030  0.500927
0.700880  0.496334
0.703725  0.492487
0.706575  0.488800
0.709425  0.488162
0.712275  0.487053
0.715120  0.472702
0.717969  0.465466
0.720819  0.467744
0.723669  0.471432
0.726519  0.469847
0.729364  0.477316
0.732214  0.469369
0.735064  0.468086
0.737914  0.466671
0.740759  0.457923
0.743609  0.465114
0.746458  0.465642
0.749308  0.470732
0.752158  0.472587
0.755003  0.470632
0.757853  0.471282
0.760703  0.474540
0.763553  0.472863
0.766398  0.479737
0.769248  0.482762
0.772098  0.480864
0.774947  0.479540
0.777797  0.476845
0.780642  0.475098
0.783492  0.475742
0.786342  0.474786
0.789192  0.477937
0.792037  0.475615
0.794887  0.474278
0.797737  0.469299
0.800587  0.471207
0.803432  0.465727
0.806282  0.468660
0.809131  0.469528
0.811981  0.466856
0.814831  0.460805
0.817676  0.453704
0.820526  0.438467
0.823376  0.431507
0.826226  0.422460
0.829071  0.422400
0.831921  0.431651
0.834771  0.426996
0.837620  0.428943
0.840470  0.433994
0.843315  0.439806
0.846165  0.434835
0.849015  0.431626
0.851865  0.431201
0.854710  0.430585
0.857560  0.433682
0.860410  0.434949
0.863260  0.432887
0.866109  0.427546
0.868954  0.416788
0.871804  0.398141
0.874654  0.374730
0.877504  0.352565
0.880349  0.326816
0.883199  0.304229
0.886049  0.295093
0.888899  0.295713
0.891749  0.300134
0.894594  0.309053
0.897443  0.307948
0.900293  0.306790
0.903143  0.298373
0.905988  0.290291
0.908838  0.288729
0.911688  0.290678
0.914538  0.298116
0.917383  0.294641
0.920233  0.291524
0.923083  0.288592
0.925932  0.279520
0.928782  0.286683
0.931627  0.286149
0.934477  0.288273
0.937327  0.293188
0.940177  0.290701
0.943022  0.290187
0.945872  0.282978
0.948722  0.279693
0.951572  0.283609
0.954421  0.274317
0.957267  0.281639
0.960116  0.281919
0.962966  0.277987
0.965816  0.278870
0.968661  0.265443
0.971511  0.236264
0.974361  0.229806
0.977211  0.225385
0.980061  0.226784
0.982906  0.240182
0.985756  0.254096
0.988605  0.255737
0.991455  0.257044
0.994300  0.268891
0.997150  0.275015
1.000000  0.279097
