0.000000  0.123343
0.001059  0.125801
0.002117  0.161843
0.003176  0.217206
0.004234  0.127097
0.005293  0.159574
0.006351  0.140870
0.007410  0.149019
0.008468  0.158165
0.009527  0.132420
0.010586  0.153269
0.011644  0.153413
0.012703  0.156027
0.013761  0.151954
0.014820  0.135479
0.015879  0.166116
0.016937  0.159750
0.017996  0.170076
0.019054  0.162656
0.020113  0.161317
0.021171  0.169266
0.022229  0.181500
0.023288  0.166918
0.024346  0.177023
0.025405  0.171994
0.026464  0.179099
0.027522  0.187804
0.028581  0.174919
0.029639  0.183407
0.030698  0.186133
0.031757  0.188650
0.032815  0.183540
0.033874  0.192738
0.034932  0.197487
0.035991  0.173494
0.037049  0.197888
0.038108  0.192371
0.039166  0.199103
0.040225  0.189424
0.041283  0.204710
0.042342  0.199522
0.043400  0.197904
0.044459  0.192962
0.045517  0.203942
0.046576  0.200166
0.047635  0.215963
0.048693  0.200335
0.049752  0.211561
0.050810  0.219383
0.051869  0.229999
0.052927  0.211190
0.053986  0.225125
0.055044  0.207879
0.056103  0.233597
0.057161  0.218867
0.058220  0.229956
0.059278  0.227787
0.060337  0.240973
0.061396  0.239160
0.062454  0.242110
0.063513  0.239534
0.064571  0.249513
0.065630  0.258531
0.066688  0.256301
0.067747  0.249102
0.068806  0.255243
0.069864  0.258648
0.070923  0.263947
0.071981  0.261286
0.073040  0.267000
0.074098  0.269653
0.075157  0.286884
0.076215  0.281563
0.077274  0.279308
0.078332  0.288489
0.079391  0.286365
0.080449  0.288663
0.081508  0.298823
0.082567  0.299349
0.083625  0.290897
0.084684  0.301622
0.085742  0.304626
0.086801  0.305193
0.087859  0.312916
0.088918  0.297639
0.089976  0.311313
0.091035  0.312486
0.092093  0.310439
0.093152  0.316152
0.094210  0.325767
0.095269  0.320094
0.096327  0.319741
0.097386  0.335869
0.098445  0.324983
0.099503  0.334688
0.100562  0.331967
0.101620  0.339127
0.102679  0.347416
0.103738  0.339197
0.104796  0.341579
0.105854  0.344894
0.106913  0.345055
0.107971  0.344360
0.109030  0.345034
0.110088  0.343212
0.111147  0.340773
0.112205  0.359814
0.113264  0.343011
0.114323  0.353532
0.115381  0.358521
0.116440  0.359599
0.117498  0.349883
0.118557  0.362535
0.119616  0.353845
0.120674  0.359908
0.121733  0.359064
0.122791  0.351862
0.123850  0.365351
0.124908  0.371230
0.125967  0.380177
0.127025  0.376619
0.128084  0.375500
0.129142  0.387678
0.130201  0.377401
0.131259  0.384748
0.132318  0.383875
0.133377  0.366046
0.134435  0.369902
0.135494  0.383797
0.136552  0.387122
0.137611  0.385707
0.138669  0.388046
0.139728  0.380423
0.140786  0.384477
0.141845  0.403761
0.142903  0.388818
0.143962  0.386173
0.145020  0.393904
0.146079  0.413670
0.147137  0.384051
0.148196  0.384488
0.149255  0.395693
0.150313  0.392371
0.151372  0.388880
0.152430  0.401777
0.153489  0.396125
0.154548  0.400284
0.155606  0.411596
0.156665  0.396908
0.157723  0.411620
0.158782  0.389324
0.159840  0.405057
0.160898  0.411215
0.161957  0.408650
0.163015  0.426664
0.164074  0.426805
0.165133  0.417080
0.166191  0.409930
0.167250  0.418899
0.168308  0.415991
0.169367  0.418482
0.170426  0.409925
0.171484  0.413175
0.172543  0.433708
0.173601  0.424472
0.174660  0.436688
0.175718  0.404177
0.176777  0.426373
0.177835  0.422767
0.178894  0.439757
0.179952  0.421423
0.181011  0.426170
0.182069  0.429909
0.183128  0.428272
0.184187  0.429033
0.185245  0.440122
0.186304  0.420655
0.187362  0.448056
0.188421  0.429646
0.189479  0.454558
0.190538  0.439459
0.191596  0.443609
0.192655  0.445160
0.193713  0.454629
0.194772  0.447212
0.195830  0.430596
0.196889  0.451389
0.197947  0.439022
0.199006  0.451938
0.200065  0.448515
0.201123  0.453619
0.202182  0.449785
0.203240  0.418226
0.204299  0.424279
0.205358  0.446553
0.206416  0.451495
0.207475  0.425897
0.208533  0.439313
0.209592  0.419262
0.210650  0.444347
0.211709  0.447234
0.212767  0.441245
0.213826  0.445259
0.214884  0.452486
0.215943  0.449620
0.217001  0.448167
0.218060  0.460627
0.219118  0.432099
0.220177  0.470761
0.221236  0.430192
0.222294  0.457142
0.223353  0.444861
0.224411  0.437888
0.225470  0.457675
0.226528  0.442975
0.227587  0.445173
0.228645  0.442252
0.229704  0.442610
0.230762  0.463726
0.231821  0.443542
0.232879  0.461744
0.233938  0.446702
0.234996  0.464203
0.236055  0.423614
0.237114  0.454429
0.238172  0.434198
0.239231  0.439515
0.240289  0.465716
0.241348  0.461279
0.242407  0.445151
0.243465  0.441624
0.244523  0.430297
0.245582  0.435851
0.246640  0.461017
0.247699  0.413389
0.248757  0.450063
0.249816  0.410830
0.250875  0.416484
0.251933  0.437023
0.252992  0.423939
0.254050  0.489095
0.255109  0.495214
0.256168  0.477136
0.257226  0.447023
0.258285  0.438676
0.259343  0.444901
0.260402  0.419338
0.261460  0.473138
0.262519  0.419637
0.263577  0.463488
0.264636  0.471513
0.265694  0.482743
0.266753  0.457607
0.267811  0.401391
0.268870  0.483925
0.269928  0.410278
0.270987  0.433764
0.272046  0.441689
0.273104  0.471647
0.274163  0.470440
0.275221  0.412339
0.276280  0.472156
0.277338  0.497736
0.278397  0.445231
0.279455  0.428325
0.280514  0.461544
0.281572  0.439303
0.282631  0.447260
0.283689  0.412791
0.284748  0.468890
0.285806  0.473823
0.286865  0.446988
0.287923  0.434695
0.290654  0.474281
0.293503  0.471798
0.296353  0.475208
0.299198  0.475659
0.302048  0.475467
0.304898  0.477789
0.307748  0.477445
0.310593  0.477845
0.313443  0.479756
0.316293  0.479852
0.319143  0.476303
0.321992  0.479766
0.324838  0.483105
0.327687  0.485130
0.330537  0.481817
0.333387  0.485678
0.336232  0.487404
0.339082  0.496663
0.341932  0.503392
0.344782  0.496141
0.347632  0.496786
0.350477  0.500714
0.353327  0.498378
0.356176  0.496595
0.359026  0.490637
0.361871  0.489913
0.364721  0.490673
0.367571  0.491366
0.370421  0.484446
0.373271  0.488804
0.376116  0.489683
0.378966  0.490085
0.381816  0.488311
0.384665  0.491266
0.387510  0.488570
0.390360  0.491684
0.393210  0.491569
0.396060  0.489625
0.398910  0.493659
0.401755  0.496266
0.404605  0.492556
0.407455  0.499817
0.410305  0.492971
0.413150  0.498591
0.415999  0.495011
0.418849  0.494140
0.421699  0.499118
0.424544  0.495786
0.427394  0.502250
0.430244  0.500855
0.433094  0.500350
0.435944  0.500229
0.438789  0.506784
0.441639  0.502387
0.444488  0.506211
0.447338  0.510887
0.450183  0.519930
0.453033  0.524020
0.455883  0.516593
0.458733  0.530623
0.461583  0.519019
0.464428  0.522882
0.467278  0.529040
0.470128  0.516469
0.472977  0.505270
0.475823  0.518049
0.478672  0.505699
0.481522  0.490596
0.484372  0.503367
0.487222  0.497554
0.490067  0.482849
0.492917  0.505366
0.495767  0.499696
0.498617  0.495406
0.501462  0.496683
0.504312  0.512269
0.507161  0.493923
0.510011  0.497593
0.512856  0.495194
0.515706  0.493446
0.518556  0.492792
0.521406  0.495592
0.524256  0.500341
0.527101  0.498508
0.529951  0.499781
0.532801  0.499512
0.535650  0.499204
0.538495  0.500670
0.541345  0.503643
0.544195  0.503288
0.547045  0.497009
0.549895  0.501537
0.552740  0.501360
0.555590  0.502564
0.558440  0.504404
0.561290  0.502662
0.564135  0.501791
0.566984  0.500196
0.569834  0.504045
0.572684  0.501621
0.575534  0.502129
0.578379  0.501006
0.581229  0.507826
0.584079  0.501828
0.586929  0.499443
0.589774  0.495543
0.592624  0.503389
0.595473  0.497280
0.598323  0.495528
0.601168  0.490874
0.604018  0.486046
0.606868  0.489685
0.609718  0.485544
0.612568  0.488752
0.615413  0.493207
0.618263  0.494897
0.621113  0.495137
0.623962  0.496679
0.626808  0.498747
0.629657  0.499655
0.632507  0.498553
0.635357  0.498304
0.638207  0.493140
0.641052  0.494237
0.643902  0.496282
0.646752  0.501016
0.649602  0.497096
0.652447  0.502960
0.655297  0.496819
0.658146  0.496621
0.660996  0.491340
0.663846  0.491592
0.666691  0.476729
0.669541  0.479588
0.672391  0.464728
0.675241  0.465012
0.678086  0.460452
0.680936  0.470805
0.683786  0.459643
0.686635  0.476375
0.689485  0.466793
0.692330  0.469526
0.695180  0.462084
0.698030  0.478197
0.700880  0.474219
0.703725  0.482079
0.706575  0.454535
0.709425  0.461027
0.712275  0.461874
0.715120  0.449142
0.717969  0.440532
0.720819  0.436176
0.723669  0.439595
0.726519  0.445994
0.729364  0.438278
0.732214  0.445937
0.735064  0.431792
0.737914  0.441692
0.740759  0.445538
0.743609  0.441572
0.746458  0.453297
0.749308  0.460843
0.752158  0.460071
0.755003  0.467511
0.757853  0.470356
0.760703  0.473659
0.763553  0.468124
0.766398  0.457004
0.769248  0.471016
0.772098  0.465895
0.774947  0.484204
0.777797  0.481833
0.780642  0.484178
0.783492  0.493811
0.786342  0.481062
0.789192  0.476943
0.792037  0.481157
0.794887  0.475577
0.797737  0.479113
0.800587  0.476179
0.803432  0.471487
0.806282  0.479331
0.809131  0.479510
0.811981  0.479939
0.814831  0.467870
0.817676  0.469799
0.820526  0.451604
0.823376  0.436400
0.826226  0.427104
0.829071  0.429750
0.831921  0.433748
0.834771  0.426645
0.837620  0.428283
0.840470  0.438181
0.843315  0.444541
0.846165  0.437747
0.849015  0.434657
0.851865  0.439263
0.854710  0.434318
0.857560  0.433695
0.860410  0.429311
0.863260  0.433544
0.866109  0.422119
0.868954  0.410442
0.871804  0.396174
0.874654  0.371735
0.877504  0.342217
0.880349  0.321521
0.883199  0.302600
0.886049  0.291555
0.888899  0.292983
0.891749  0.295349
0.894594  0.310401
0.897443  0.319115
0.900293  0.304409
0.903143  0.296832
0.905988  0.291370
0.908838  0.289120
0.911688  0.287513
0.914538  0.291681
0.917383  0.292325
0.920233  0.282422
0.923083  0.284898
0.925932  0.275153
0.928782  0.278695
0.931627  0.275729
0.934477  0.284693
0.937327  0.278190
0.940177  0.276031
0.943022  0.284884
0.945872  0.273454
0.948722  0.273977
0.951572  0.271564
0.954421  0.279094
0.957267  0.272916
0.960116  0.267083
0.962966  0.263899
0.965816  0.255110
0.968661  0.242635
0.971511  0.234355
0.974361  0.217773
0.977211  0.205492
0.980061  0.208605
0.982906  0.228697
0.985756  0.235641
0.988605  0.243095
0.991455  0.248637
0.994300  0.236934
0.997150  0.247013
1.000000  0.257508
