0.000000  0.158192
0.001059  0.154955
0.002117  0.135760
0.003176  0.172716
0.004234  0.134067
0.005293  0.144422
0.006351  0.129665
0.007410  0.157064
0.008468  0.150408
0.009527  0.152436
0.010586  0.135094
0.011644  0.141023
0.012703  0.145264
0.013761  0.159797
0.014820  0.151969
0.015879  0.146907
0.016937  0.143897
0.017996  0.163474
0.019054  0.153735
0.020113  0.152886
0.021171  0.152151
0.022229  0.171306
0.023288  0.156841
0.024346  0.165166
0.025405  0.165856
0.026464  0.175097
0.027522  0.161201
0.028581  0.180969
0.029639  0.172786
0.030698  0.177780
0.031757  0.168490
0.032815  0.175589
0.033874  0.170150
0.034932  0.181298
0.035991  0.181671
0.037049  0.174970
0.038108  0.180180
0.039166  0.184121
0.040225  0.175679
0.041283  0.183290
0.042342  0.178538
0.043400  0.188893
0.044459  0.167467
0.045517  0.194700
0.046576  0.185899
0.047635  0.193982
0.048693  0.188862
0.049752  0.201269
0.050810  0.188083
0.051869  0.208360
0.052927  0.200059
0.053986  0.207547
0.055044  0.204876
0.056103  0.205676
0.057161  0.207826
0.058220  0.216818
0.059278  0.206844
0.060337  0.219958
0.061396  0.210206
0.062454  0.228842
0.063513  0.224792
0.064571  0.224553
0.065630  0.220942
0.066688  0.237275
0.067747  0.234090
0.068806  0.241922
0.069864  0.233954
0.070923  0.240489
0.071981  0.237650
0.073040  0.242824
0.074098  0.235226
0.075157  0.251953
0.076215  0.250127
0.077274  0.261189
0.078332  0.251414
0.079391  0.263802
0.080449  0.259454
0.081508  0.257018
0.082567  0.269331
0.083625  0.271969
0.084684  0.274200
0.085742  0.271718
0.086801  0.267496
0.087859  0.278875
0.088918  0.266955
0.089976  0.276620
0.091035  0.282644
0.092093  0.268028
0.093152  0.276746
0.094210  0.274410
0.095269  0.279024
0.096327  0.293336
0.097386  0.278950
0.098445  0.289977
0.099503  0.285809
0.100562  0.275790
0.101620  0.287379
0.102679  0.291245
0.103738  0.284095
0.104796  0.289735
0.105854  0.284821
0.106913  0.293239
0.107971  0.291525
0.109030  0.295931
0.110088  0.291362
0.111147  0.302521
0.112205  0.298321
0.113264  0.305121
0.114323  0.300183
0.115381  0.302078
0.116440  0.300762
0.117498  0.317853
0.118557  0.296471
0.119616  0.307200
0.120674  0.301965
0.121733  0.314138
0.122791  0.302792
0.123850  0.311214
0.124908  0.311799
0.125967  0.321693
0.127025  0.318893
0.128084  0.319734
0.129142  0.319130
0.130201  0.320729
0.131259  0.309518
0.132318  0.314604
0.133377  0.313395
0.134435  0.317466
0.135494  0.311313
0.136552  0.335701
0.137611  0.306675
0.138669  0.329941
0.139728  0.322779
0.140786  0.334507
0.141845  0.335467
0.142903  0.348831
0.143962  0.320277
0.145020  0.331136
0.146079  0.315301
0.147137  0.329897
0.148196  0.343525
0.149255  0.335274
0.150313  0.345526
0.151372  0.345276
0.152430  0.349182
0.153489  0.345352
0.154548  0.335371
0.155606  0.342944
0.156665  0.335427
0.157723  0.344837
0.158782  0.350195
0.159840  0.346788
0.160898  0.329470
0.161957  0.352850
0.163015  0.343790
0.164074  0.348596
0.165133  0.345767
0.166191  0.355763
0.167250  0.355307
0.168308  0.359533
0.169367  0.355331
0.170426  0.372265
0.171484  0.353933
0.172543  0.378018
0.173601  0.361388
0.174660  0.368499
0.175718  0.368261
0.176777  0.364481
0.177835  0.350571
0.178894  0.366510
0.179952  0.379324
0.181011  0.366834
0.182069  0.379853
0.183128  0.381305
0.184187  0.385133
0.185245  0.373017
0.186304  0.360010
0.187362  0.393105
0.188421  0.362105
0.189479  0.395453
0.190538  0.379204
0.191596  0.385444
0.192655  0.372817
0.193713  0.395443
0.194772  0.378199
0.195830  0.379081
0.196889  0.371600
0.197947  0.403016
0.199006  0.382997
0.200065  0.371843
0.201123  0.389396
0.202182  0.384838
0.203240  0.407342
0.204299  0.371938
0.205358  0.387061
0.206416  0.391339
0.207475  0.374690
0.208533  0.371954
0.209592  0.375012
0.210650  0.377583
0.211709  0.393530
0.212767  0.377337
0.213826  0.383840
0.214884  0.394498
0.215943  0.381072
0.217001  0.380383
0.218060  0.382263
0.219118  0.383072
0.220177  0.403132
0.221236  0.388250
0.222294  0.384386
0.223353  0.407523
0.224411  0.402909
0.225470  0.397441
0.226528  0.395585
0.227587  0.390136
0.228645  0.395512
0.229704  0.404874
0.230762  0.370694
0.231821  0.374918
0.232879  0.392617
0.233938  0.389432
0.234996  0.383519
0.236055  0.380363
0.237114  0.391218
0.238172  0.381018
0.239231  0.391591
0.240289  0.375905
0.241348  0.370413
0.242407  0.405318
0.243465  0.370557
0.244523  0.380771
0.245582  0.405718
0.246640  0.400996
0.247699  0.378004
0.248757  0.368597
0.249816  0.386689
0.250875  0.409063
0.251933  0.377704
0.252992  0.372904
0.254050  0.393130
0.255109  0.400350
0.256168  0.367492
0.257226  0.383215
0.258285  0.434541
0.259343  0.447374
0.260402  0.384617
0.261460  0.432553
0.262519  0.384270
0.263577  0.388722
0.264636  0.427468
0.265694  0.415370
0.266753  0.374131
0.267811  0.414927
0.268870  0.372567
0.269928  0.402416
0.270987  0.414881
0.272046  0.414006
0.273104  0.380149
0.274163  0.369277
0.275221  0.357572
0.276280  0.401803
0.277338  0.420078
0.278397  0.419117
0.279455  0.426001
0.280514  0.381899
0.281572  0.373522
0.282631  0.427906
0.283689  0.380630
0.284748  0.408597
0.285806  0.391681
0.286865  0.407355
0.287923  0.378157
0.290654  0.453721
0.293503  0.450907
0.296353  0.453413
0.299198  0.452306
0.302048  0.452881
0.304898  0.458306
0.307748  0.456640
0.310593  0.453615
0.313443  0.456451
0.316293  0.460405
0.319143  0.462007
0.321992  0.462563
0.324838  0.461860
0.327687  0.459579
0.330537  0.467290
0.333387  0.465659
0.336232  0.472295
0.339082  0.480387
0.341932  0.494933
0.344782  0.505046
0.347632  0.496581
0.350477  0.495021
0.353327  0.500526
0.356176  0.497075
0.359026  0.490378
0.361871  0.477222
0.364721  0.469835
0.367571  0.471927
0.370421  0.470213
0.373271  0.469387
0.376116  0.470125
0.378966  0.475428
0.381816  0.470795
0.384665  0.474444
0.387510  0.474866
0.390360  0.472261
0.393210  0.475782
0.396060  0.473084
0.398910  0.473087
0.401755  0.476602
0.404605  0.474956
0.407455  0.476784
0.410305  0.474803
0.413150  0.474439
0.415999  0.476559
0.418849  0.478635
0.421699  0.477825
0.424544  0.481280
0.427394  0.481150
0.430244  0.483150
0.433094  0.484258
0.435944  0.489280
0.438789  0.486124
0.441639  0.494640
0.444488  0.495210
0.447338  0.504697
0.450183  0.507218
0.453033  0.525546
0.455883  0.540952
0.458733  0.554424
0.461583  0.558265
0.464428  0.559884
0.467278  0.540548
0.470128  0.551120
0.472977  0.546993
0.475823  0.540312
0.478672  0.527846
0.481522  0.562774
0.484372  0.529537
0.487222  0.538740
0.490067  0.523572
0.492917  0.517180
0.495767  0.513164
0.498617  0.517506
0.501462  0.512531
0.504312  0.507684
0.507161  0.505667
0.510011  0.517420
0.512856  0.512158
0.515706  0.499913
0.518556  0.497496
0.521406  0.498348
0.524256  0.496818
0.527101  0.493463
0.529951  0.484460
0.532801  0.486197
0.535650  0.482441
0.538495  0.484488
0.541345  0.484362
0.544195  0.485026
0.547045  0.481457
0.549895  0.486429
0.552740  0.489441
0.555590  0.486694
0.558440  0.484883
0.561290  0.486392
0.564135  0.490668
0.566984  0.484793
0.569834  0.491061
0.572684  0.484367
0.575534  0.491383
0.578379  0.488344
0.581229  0.489741
0.584079  0.488228
0.586929  0.492942
0.589774  0.485614
0.592624  0.488291
0.595473  0.489427
0.598323  0.487181
0.601168  0.479026
0.604018  0.475381
0.606868  0.473991
0.609718  0.476659
0.612568  0.479448
0.615413  0.480433
0.618263  0.479728
0.621113  0.481040
0.623962  0.488998
0.626808  0.476415
0.629657  0.485621
0.632507  0.484596
0.635357  0.483952
0.638207  0.485436
0.641052  0.487955
0.643902  0.488918
0.646752  0.491426
0.649602  0.491893
0.652447  0.491353
0.655297  0.492907
0.658146  0.497293
0.660996  0.494110
0.663846  0.494980
0.666691  0.506310
0.669541  0.491994
0.672391  0.496559
0.675241  0.488848
0.678086  0.489695
0.680936  0.488343
0.683786  0.503526
0.686635  0.503709
0.689485  0.495070
0.692330  0.502966
0.695180  0.506136
0.698030  0.500487
0.700880  0.506590
0.703725  0.510595
0.706575  0.485882
0.709425  0.491468
0.712275  0.498399
0.715120  0.496593
0.717969  0.463949
0.720819  0.475220
0.723669  0.479335
0.726519  0.488949
0.729364  0.480825
0.732214  0.478404
0.735064  0.476721
0.737914  0.459898
0.740759  0.471460
0.743609  0.460457
0.746458  0.467051
0.749308  0.470613
0.752158  0.472612
0.755003  0.469570
0.757853  0.481027
0.760703  0.479660
0.763553  0.479502
0.766398  0.479075
0.769248  0.489195
0.772098  0.482580
0.774947  0.489477
0.777797  0.480552
0.780642  0.475388
0.783492  0.478328
0.786342  0.479956
0.789192  0.484468
0.792037  0.478977
0.794887  0.475410
0.797737  0.479924
0.800587  0.475381
0.803432  0.478146
0.806282  0.475831
0.809131  0.477431
0.811981  0.468825
0.814831  0.468012
0.817676  0.467066
0.820526  0.448388
0.823376  0.435970
0.826226  0.432412
0.829071  0.434222
0.831921  0.442434
0.834771  0.435740
0.837620  0.436161
0.840470  0.438368
0.843315  0.451645
0.846165  0.442860
0.849015  0.438408
0.851865  0.444086
0.854710  0.438546
0.857560  0.444174
0.860410  0.441619
0.863260  0.435715
0.866109  0.430701
0.868954  0.428363
0.871804  0.402988
0.874654  0.378047
0.877504  0.358505
0.880349  0.330403
0.883199  0.310864
0.886049  0.293158
0.888899  0.296899
0.891749  0.297316
0.894594  0.315167
0.897443  0.320901
0.900293  0.312040
0.903143  0.304480
0.905988  0.294978
0.908838  0.294873
0.911688  0.296944
0.914538  0.301098
0.917383  0.298131
0.920233  0.297338
0.923083  0.291157
0.925932  0.283717
0.928782  0.290901
0.931627  0.292332
0.934477  0.294726
0.937327  0.296312
0.940177  0.300221
0.943022  0.296283
0.945872  0.294399
0.948722  0.282079
0.951572  0.290032
0.954421  0.281795
0.957267  0.290279
0.960116  0.280552
0.962966  0.272023
0.965816  0.266656
0.968661  0.273240
0.971511  0.247712
0.974361  0.235638
0.977211  0.220677
0.980061  0.235390
0.982906  0.246129
0.985756  0.255350
0.988605  0.258792
0.991455  0.264405
0.994300  0.264579
0.997150  0.271731
1.000000  0.270984
