0.000000  0.132784
0.001059  0.119644
0.002117  0.173734
0.003176  0.182538
0.004234  0.165512
0.005293  0.174898
0.006351  0.155216
0.007410  0.137387
0.008468  0.155561
0.009527  0.143926
0.010586  0.125387
0.011644  0.136731
0.012703  0.151160
0.013761  0.139395
0.014820  0.144374
0.015879  0.143023
0.016937  0.143292
0.017996  0.153010
0.019054  0.155841
0.020113  0.163221
0.021171  0.169362
0.022229  0.162783
0.023288  0.165620
0.024346  0.174457
0.025405  0.175083
0.026464  0.180066
0.027522  0.180577
0.028581  0.171965
0.029639  0.189814
0.030698  0.177504
0.031757  0.176579
0.032815  0.186142
0.033874  0.179588
0.034932  0.190070
0.035991  0.184791
0.037049  0.194208
0.038108  0.191945
0.039166  0.188880
0.040225  0.194904
0.041283  0.191179
0.042342  0.195591
0.043400  0.201310
0.044459  0.196651
0.045517  0.210500
0.046576  0.202313
0.047635  0.206047
0.048693  0.210491
0.049752  0.215257
0.050810  0.212934
0.051869  0.217443
0.052927  0.217410
0.053986  0.216760
0.055044  0.215208
0.056103  0.223906
0.057161  0.217707
0.058220  0.231782
0.059278  0.232602
0.060337  0.230439
0.061396  0.232758
0.062454  0.239563
0.063513  0.243597
0.064571  0.257552
0.065630  0.236888
0.066688  0.250517
0.067747  0.249409
0.068806  0.255500
0.069864  0.248041
0.070923  0.257987
0.071981  0.259948
0.073040  0.265613
0.074098  0.255561
0.075157  0.269341
0.076215  0.279484
0.077274  0.285858
0.078332  0.279312
0.079391  0.278593
0.080449  0.275855
0.081508  0.293114
0.082567  0.279609
0.083625  0.280985
0.084684  0.295898
0.085742  0.288198
0.086801  0.290795
0.087859  0.301979
0.088918  0.293085
0.089976  0.303784
0.091035  0.294648
0.092093  0.308797
0.093152  0.306719
0.094210  0.319376
0.095269  0.310508
0.096327  0.305882
0.097386  0.317867
0.098445  0.298346
0.099503  0.306088
0.100562  0.313924
0.101620  0.324890
0.102679  0.320048
0.103738  0.315767
0.104796  0.317592
0.105854  0.317306
0.106913  0.324689
0.107971  0.330948
0.109030  0.329128
0.110088  0.335848
0.111147  0.332611
0.112205  0.324818
0.113264  0.330041
0.114323  0.327812
0.115381  0.340904
0.116440  0.345098
0.117498  0.334138
0.118557  0.335224
0.119616  0.346576
0.120674  0.335976
0.121733  0.343941
0.122791  0.346423
0.123850  0.327150
0.124908  0.342330
0.125967  0.352069
0.127025  0.349100
0.128084  0.342474
0.129142  0.340342
0.130201  0.354331
0.131259  0.341249
0.132318  0.353407
0.133377  0.349799
0.134435  0.342807
0.135494  0.355160
0.136552  0.356360
0.137611  0.355395
0.138669  0.348887
0.139728  0.349078
0.140786  0.372052
0.141845  0.362812
0.142903  0.351131
0.143962  0.368532
0.145020  0.359822
0.146079  0.369924
0.147137  0.360700
0.148196  0.367361
0.149255  0.362878
0.150313  0.369407
0.151372  0.363976
0.152430  0.361696
0.153489  0.388911
0.154548  0.352696
0.155606  0.371902
0.156665  0.375635
0.157723  0.386374
0.158782  0.365854
0.159840  0.382998
0.160898  0.373485
0.161957  0.373415
0.163015  0.392399
0.164074  0.392417
0.165133  0.388904
0.166191  0.366018
0.167250  0.385080
0.168308  0.391547
0.169367  0.389349
0.170426  0.401002
0.171484  0.381927
0.172543  0.377888
0.173601  0.394686
0.174660  0.384123
0.175718  0.395754
0.176777  0.399110
0.177835  0.380212
0.178894  0.396960
0.179952  0.411754
0.181011  0.404322
0.182069  0.400947
0.183128  0.404246
0.184187  0.381975
0.185245  0.400927
0.186304  0.406155
0.187362  0.403414
0.188421  0.401901
0.189479  0.417508
0.190538  0.403160
0.191596  0.413141
0.192655  0.405416
0.193713  0.415833
0.194772  0.395718
0.195830  0.420601
0.196889  0.414734
0.197947  0.418805
0.199006  0.404707
0.200065  0.416825
0.201123  0.393964
0.202182  0.403250
0.203240  0.403946
0.204299  0.429151
0.205358  0.407596
0.206416  0.412117
0.207475  0.399374
0.208533  0.405640
0.209592  0.409104
0.210650  0.418749
0.211709  0.420332
0.212767  0.399880
0.213826  0.428071
0.214884  0.418651
0.215943  0.429297
0.217001  0.417135
0.218060  0.423328
0.219118  0.426738
0.220177  0.402100
0.221236  0.421679
0.222294  0.421601
0.223353  0.414297
0.224411  0.407056
0.225470  0.440025
0.226528  0.419851
0.227587  0.416723
0.228645  0.425829
0.229704  0.417867
0.230762  0.420489
0.231821  0.444789
0.232879  0.433319
0.233938  0.404433
0.234996  0.386532
0.236055  0.402498
0.237114  0.401774
0.238172  0.410252
0.239231  0.408934
0.240289  0.398597
0.241348  0.431341
0.242407  0.447683
0.243465  0.416541
0.244523  0.428348
0.245582  0.411006
0.246640  0.453348
0.247699  0.423780
0.248757  0.419644
0.249816  0.415324
0.250875  0.413778
0.251933  0.438124
0.252992  0.432779
0.254050  0.402740
0.255109  0.438591
0.256168  0.407728
0.257226  0.424959
0.258285  0.474949
0.259343  0.449563
0.260402  0.397780
0.261460  0.447771
0.262519  0.395860
0.263577  0.482969
0.264636  0.415724
0.265694  0.454363
0.266753  0.417969
0.267811  0.435383
0.268870  0.476589
0.269928  0.497445
0.270987  0.469451
0.272046  0.418613
0.273104  0.460664
0.274163  0.460759
0.275221  0.441218
0.276280  0.449863
0.277338  0.462527
0.278397  0.468907
0.279455  0.469747
0.280514  0.448051
0.281572  0.458690
0.282631  0.426937
0.283689  0.426100
0.284748  0.405025
0.285806  0.452803
0.286865  0.421800
0.287923  0.413921
0.290654  0.469927
0.293503  0.467796
0.296353  0.465395
0.299198  0.466868
0.302048  0.468109
0.304898  0.470744
0.307748  0.472404
0.310593  0.471782
0.313443  0.468164
0.316293  0.469986
0.319143  0.468976
0.321992  0.475911
0.324838  0.477119
0.327687  0.481219
0.330537  0.479787
0.333387  0.478761
0.336232  0.483220
0.339082  0.490561
0.341932  0.500638
0.344782  0.500531
0.347632  0.506833
0.350477  0.491316
0.353327  0.495650
0.356176  0.486140
0.359026  0.494359
0.361871  0.489155
0.364721  0.485759
0.367571  0.483728
0.370421  0.481744
0.373271  0.480099
0.376116  0.482498
0.378966  0.480358
0.381816  0.484015
0.384665  0.486425
0.387510  0.486385
0.390360  0.484655
0.393210  0.484521
0.396060  0.487451
0.398910  0.487809
0.401755  0.486522
0.404605  0.488417
0.407455  0.484938
0.410305  0.494805
0.413150  0.492152
0.415999  0.490504
0.418849  0.490250
0.421699  0.488280
0.424544  0.492671
0.427394  0.493976
0.430244  0.497545
0.433094  0.492594
0.435944  0.489824
0.438789  0.494151
0.441639  0.496067
0.444488  0.500238
0.447338  0.509236
0.450183  0.519650
0.453033  0.534427
0.455883  0.537069
0.458733  0.523011
0.461583  0.528931
0.464428  0.535625
0.467278  0.526429
0.470128  0.532202
0.472977  0.517557
0.475823  0.508034
0.478672  0.521650
0.481522  0.524404
0.484372  0.505431
0.487222  0.516782
0.490067  0.515615
0.492917  0.532202
0.495767  0.513718
0.498617  0.494982
0.501462  0.504166
0.504312  0.508738
0.507161  0.512266
0.510011  0.506287
0.512856  0.502754
0.515706  0.495979
0.518556  0.502127
0.521406  0.499016
0.524256  0.503440
0.527101  0.500699
0.529951  0.496241
0.532801  0.501371
0.535650  0.495150
0.538495  0.495177
0.541345  0.494797
0.544195  0.494214
0.547045  0.499023
0.549895  0.496711
0.552740  0.496059
0.555590  0.496277
0.558440  0.498892
0.561290  0.502223
0.564135  0.501129
0.566984  0.498334
0.569834  0.499939
0.572684  0.498599
0.575534  0.499454
0.578379  0.501433
0.581229  0.501616
0.584079  0.501152
0.586929  0.500707
0.589774  0.496241
0.592624  0.496149
0.595473  0.497385
0.598323  0.494801
0.601168  0.486145
0.604018  0.487695
0.606868  0.481668
0.609718  0.488078
0.612568  0.493658
0.615413  0.485189
0.618263  0.489177
0.621113  0.497673
0.623962  0.497691
0.626808  0.501435
0.629657  0.491162
0.632507  0.496425
0.635357  0.492531
0.638207  0.492893
0.641052  0.489526
0.643902  0.492211
0.646752  0.494038
0.649602  0.504353
0.652447  0.493074
0.655297  0.496176
0.658146  0.493600
0.660996  0.500178
0.663846  0.494596
0.666691  0.490642
0.669541  0.482316
0.672391  0.490315
0.675241  0.476521
0.678086  0.485301
0.680936  0.489183
0.683786  0.483725
0.686635  0.480527
0.689485  0.492784
0.692330  0.489247
0.695180  0.488119
0.698030  0.485914
0.700880  0.490740
0.703725  0.495911
0.706575  0.493263
0.709425  0.478038
0.712275  0.485380
0.715120  0.469651
0.717969  0.457570
0.720819  0.453169
0.723669  0.460726
0.726519  0.468526
0.729364  0.467663
0.732214  0.464270
0.735064  0.459893
0.737914  0.469073
0.740759  0.452002
0.743609  0.456083
0.746458  0.467767
0.749308  0.477077
0.752158  0.479195
0.755003  0.490526
0.757853  0.489764
0.760703  0.488720
0.763553  0.475520
0.766398  0.476205
0.769248  0.493322
0.772098  0.484478
0.774947  0.489609
0.777797  0.488929
0.780642  0.491084
0.783492  0.487118
0.786342  0.493768
0.789192  0.489964
0.792037  0.485793
0.794887  0.479853
0.797737  0.481437
0.800587  0.479106
0.803432  0.478307
0.806282  0.480170
0.809131  0.480575
0.811981  0.484052
0.814831  0.464555
0.817676  0.468325
0.820526  0.451818
0.823376  0.439728
0.826226  0.432400
0.829071  0.432920
0.831921  0.439922
0.834771  0.445636
0.837620  0.441842
0.840470  0.435874
0.843315  0.436809
0.846165  0.449110
0.849015  0.446321
0.851865  0.442527
0.854710  0.444595
0.857560  0.444183
0.860410  0.446590
0.863260  0.440773
0.866109  0.433659
0.868954  0.424383
0.871804  0.411843
0.874654  0.380182
0.877504  0.356581
0.880349  0.333637
0.883199  0.311702
0.886049  0.303400
0.888899  0.301580
0.891749  0.306072
0.894594  0.313603
0.897443  0.317484
0.900293  0.319340
0.903143  0.305515
0.905988  0.293357
0.908838  0.298888
0.911688  0.297470
0.914538  0.307211
0.917383  0.297458
0.920233  0.294393
0.923083  0.292636
0.925932  0.281004
0.928782  0.293029
0.931627  0.289495
0.934477  0.297134
0.937327  0.292246
0.940177  0.285411
0.943022  0.290543
0.945872  0.278189
0.948722  0.284492
0.951572  0.290472
0.954421  0.280850
0.957267  0.282116
0.960116  0.278119
0.962966  0.271159
0.965816  0.267167
0.968661  0.267379
0.971511  0.232799
0.974361  0.232593
0.977211  0.220255
0.980061  0.220958
0.982906  0.239913
0.985756  0.255720
0.988605  0.258300
0.991455  0.255323
0.994300  0.250286
0.997150  0.267711
1.000000  0.266207
