0.000000  0.103296
0.001059  0.120342
0.002117  0.145876
0.003176  0.151076
0.004234  0.141244
0.005293  0.163924
0.006351  0.134794
0.007410  0.145443
0.008468  0.139063
0.009527  0.144851
0.010586  0.137216
0.011644  0.136267
0.012703  0.141694
0.013761  0.142200
0.014820  0.134479
0.015879  0.146211
0.016937  0.131707
0.017996  0.148830
0.019054  0.139801
0.020113  0.148470
0.021171  0.148561
0.022229  0.166029
0.023288  0.153348
0.024346  0.161611
0.025405  0.158691
0.026464  0.179793
0.027522  0.170851
0.028581  0.175380
0.029639  0.163545
0.030698  0.172190
0.031757  0.163684
0.032815  0.178812
0.033874  0.173711
0.034932  0.178967
0.035991  0.170628
0.037049  0.178010
0.038108  0.171511
0.039166  0.177619
0.040225  0.185307
0.041283  0.182573
0.042342  0.172274
0.043400  0.194451
0.044459  0.179795
0.045517  0.190223
0.046576  0.179956
0.047635  0.201504
0.048693  0.183843
0.049752  0.195869
0.050810  0.200391
0.051869  0.206549
0.052927  0.199148
0.053986  0.208810
0.055044  0.205988
0.056103  0.209368
0.057161  0.200784
0.058220  0.210048
0.059278  0.202640
0.060337  0.217185
0.061396  0.212632
0.062454  0.222753
0.063513  0.209513
0.064571  0.225987
0.065630  0.220423
0.066688  0.218074
0.067747  0.228606
0.068806  0.246182
0.069864  0.231935
0.070923  0.242616
0.071981  0.240855
0.073040  0.242055
0.074098  0.238915
0.075157  0.243953
0.076215  0.244586
0.077274  0.254388
0.078332  0.252569
0.079391  0.254158
0.080449  0.242231
0.081508  0.258324
0.082567  0.256190
0.083625  0.265727
0.084684  0.269577
0.085742  0.259773
0.086801  0.268135
0.087859  0.268321
0.088918  0.267299
0.089976  0.273936
0.091035  0.272892
0.092093  0.277563
0.093152  0.280960
0.094210  0.282835
0.095269  0.282130
0.096327  0.291116
0.097386  0.287945
0.098445  0.289100
0.099503  0.290194
0.100562  0.297988
0.101620  0.288316
0.102679  0.289782
0.103738  0.287269
0.104796  0.282732
0.105854  0.298610
0.106913  0.300347
0.107971  0.288847
0.109030  0.303468
0.110088  0.291816
0.111147  0.300855
0.112205  0.306369
0.113264  0.311985
0.114323  0.302294
0.115381  0.294017
0.116440  0.298477
0.117498  0.314080
0.118557  0.303536
0.119616  0.314761
0.120674  0.320160
0.121733  0.312713
0.122791  0.310515
0.123850  0.321507
0.124908  0.314878
0.125967  0.315905
0.127025  0.319126
0.128084  0.314870
0.129142  0.312606
0.130201  0.315732
0.131259  0.317661
0.132318  0.320801
0.133377  0.327522
0.134435  0.322403
0.135494  0.321623
0.136552  0.325080
0.137611  0.310624
0.138669  0.328354
0.139728  0.339203
0.140786  0.336111
0.141845  0.318341
0.142903  0.331613
0.143962  0.326776
0.145020  0.333103
0.146079  0.334694
0.147137  0.326395
0.148196  0.326821
0.149255  0.333903
0.150313  0.332803
0.151372  0.351366
0.152430  0.343024
0.153489  0.347996
0.154548  0.324457
0.155606  0.361419
0.156665  0.352515
0.157723  0.351837
0.158782  0.352955
0.159840  0.355885
0.160898  0.356834
0.161957  0.363374
0.163015  0.360336
0.164074  0.356802
0.165133  0.350058
0.166191  0.357828
0.167250  0.354450
0.168308  0.372424
0.169367  0.349736
0.170426  0.360088
0.171484  0.362045
0.172543  0.364968
0.173601  0.364908
0.174660  0.366979
0.175718  0.372989
0.176777  0.378732
0.177835  0.377379
0.178894  0.371655
0.179952  0.370146
0.181011  0.379388
0.182069  0.367698
0.183128  0.364772
0.184187  0.371654
0.185245  0.371626
0.186304  0.354737
0.187362  0.382288
0.188421  0.359649
0.189479  0.356333
0.190538  0.388971
0.191596  0.393126
0.192655  0.366650
0.193713  0.383752
0.194772  0.376353
0.195830  0.385067
0.196889  0.378274
0.197947  0.391395
0.199006  0.381248
0.200065  0.395182
0.201123  0.394770
0.202182  0.376858
0.203240  0.373851
0.204299  0.380372
0.205358  0.382766
0.206416  0.412600
0.207475  0.400986
0.208533  0.400807
0.209592  0.386042
0.210650  0.403975
0.211709  0.399834
0.212767  0.392816
0.213826  0.381575
0.214884  0.393282
0.215943  0.393774
0.217001  0.386242
0.218060  0.395169
0.219118  0.407507
0.220177  0.408839
0.221236  0.397017
0.222294  0.406089
0.223353  0.388332
0.224411  0.413027
0.225470  0.394656
0.226528  0.393017
0.227587  0.391915
0.228645  0.384417
0.229704  0.403946
0.230762  0.382882
0.231821  0.376577
0.232879  0.410608
0.233938  0.386537
0.234996  0.387880
0.236055  0.387018
0.237114  0.412239
0.238172  0.383563
0.239231  0.393660
0.240289  0.385307
0.241348  0.384586
0.242407  0.401515
0.243465  0.408439
0.244523  0.403473
0.245582  0.383096
0.246640  0.410531
0.247699  0.386007
0.248757  0.399407
0.249816  0.397975
0.250875  0.390719
0.251933  0.380808
0.252992  0.408660
0.254050  0.384664
0.255109  0.410723
0.256168  0.387989
0.257226  0.432272
0.258285  0.374034
0.259343  0.397198
0.260402  0.409221
0.261460  0.450604
0.262519  0.445173
0.263577  0.457350
0.264636  0.435916
0.265694  0.433100
0.266753  0.396142
0.267811  0.433945
0.268870  0.491613
0.269928  0.424351
0.270987  0.425387
0.272046  0.439227
0.273104  0.429832
0.274163  0.409790
0.275221  0.417613
0.276280  0.384853
0.277338  0.403532
0.278397  0.455705
0.279455  0.423494
0.280514  0.461448
0.281572  0.373189
0.282631  0.428229
0.283689  0.420133
0.284748  0.439949
0.285806  0.400992
0.286865  0.445118
0.287923  0.386919
0.290654  0.445714
0.293503  0.444337
0.296353  0.445673
0.299198  0.446109
0.302048  0.447059
0.304898  0.447181
0.307748  0.449756
0.310593  0.449161
0.313443  0.449076
0.316293  0.449547
0.319143  0.451090
0.321992  0.451801
0.324838  0.451724
0.327687  0.453027
0.330537  0.455501
0.333387  0.457279
0.336232  0.461976
0.339082  0.465783
0.341932  0.483681
0.344782  0.497880
0.347632  0.492991
0.350477  0.490153
0.353327  0.481712
0.356176  0.480541
0.359026  0.476070
0.361871  0.467703
0.364721  0.464365
0.367571  0.462470
0.370421  0.460803
0.373271  0.460456
0.376116  0.460865
0.378966  0.458877
0.381816  0.459923
0.384665  0.461486
0.387510  0.462079
0.390360  0.461809
0.393210  0.461987
0.396060  0.464763
0.398910  0.465474
0.401755  0.464480
0.404605  0.465525
0.407455  0.464751
0.410305  0.465977
0.413150  0.467606
0.415999  0.467099
0.418849  0.467952
0.421699  0.468351
0.424544  0.469963
0.427394  0.470240
0.430244  0.470466
0.433094  0.474066
0.435944  0.475125
0.438789  0.474322
0.441639  0.478293
0.444488  0.484642
0.447338  0.489683
0.450183  0.498416
0.453033  0.520139
0.455883  0.541866
0.458733  0.538790
0.461583  0.531056
0.464428  0.534872
0.467278  0.530497
0.470128  0.530129
0.472977  0.530172
0.475823  0.527200
0.478672  0.523156
0.481522  0.531839
0.484372  0.524338
0.487222  0.521740
0.490067  0.509770
0.492917  0.516510
0.495767  0.513205
0.498617  0.508455
0.501462  0.501059
0.504312  0.497258
0.507161  0.496890
0.510011  0.493901
0.512856  0.494520
0.515706  0.487201
0.518556  0.481020
0.521406  0.484009
0.524256  0.475820
0.527101  0.474452
0.529951  0.471267
0.532801  0.468699
0.535650  0.466786
0.538495  0.469298
0.541345  0.467197
0.544195  0.476164
0.547045  0.466204
0.549895  0.467380
0.552740  0.467364
0.555590  0.467665
0.558440  0.467838
0.561290  0.468946
0.564135  0.469818
0.566984  0.470229
0.569834  0.470544
0.572684  0.470935
0.575534  0.471038
0.578379  0.470928
0.581229  0.472619
0.584079  0.471569
0.586929  0.471411
0.589774  0.470406
0.592624  0.471851
0.595473  0.468579
0.598323  0.467572
0.601168  0.465823
0.604018  0.458777
0.606868  0.457161
0.609718  0.461386
0.612568  0.463301
0.615413  0.463703
0.618263  0.465272
0.621113  0.465277
0.623962  0.466887
0.626808  0.468744
0.629657  0.465660
0.632507  0.463200
0.635357  0.466646
0.638207  0.464573
0.641052  0.465047
0.643902  0.467180
0.646752  0.472463
0.649602  0.472689
0.652447  0.470905
0.655297  0.475585
0.658146  0.474809
0.660996  0.476540
0.663846  0.476619
0.666691  0.480615
0.669541  0.484995
0.672391  0.482097
0.675241  0.487680
0.678086  0.482719
0.680936  0.483874
0.683786  0.486357
0.686635  0.493713
0.689485  0.493980
0.692330  0.498803
0.695180  0.490559
0.698030  0.498671
0.700880  0.494185
0.703725  0.499202
0.706575  0.498035
0.709425  0.491548
0.712275  0.485138
0.715120  0.475448
0.717969  0.468699
0.720819  0.468036
0.723669  0.469042
0.726519  0.476828
0.729364  0.473928
0.732214  0.472148
0.735064  0.466225
0.737914  0.461913
0.740759  0.460812
0.743609  0.461991
0.746458  0.458725
0.749308  0.461972
0.752158  0.460887
0.755003  0.461799
0.757853  0.462783
0.760703  0.465791
0.763553  0.462913
0.766398  0.474312
0.769248  0.471430
0.772098  0.473603
0.774947  0.467727
0.777797  0.465200
0.780642  0.464731
0.783492  0.464652
0.786342  0.462389
0.789192  0.463119
0.792037  0.463628
0.794887  0.460302
0.797737  0.457716
0.800587  0.454746
0.803432  0.452409
0.806282  0.450642
0.809131  0.454086
0.811981  0.457052
0.814831  0.446940
0.817676  0.436713
0.820526  0.425443
0.823376  0.418987
0.826226  0.409934
0.829071  0.411098
0.831921  0.417347
0.834771  0.417764
0.837620  0.416911
0.840470  0.421858
0.843315  0.426961
0.846165  0.423935
0.849015  0.423009
0.851865  0.419173
0.854710  0.418864
0.857560  0.423808
0.860410  0.423588
0.863260  0.421504
0.866109  0.414725
0.868954  0.405028
0.871804  0.388307
0.874654  0.367093
0.877504  0.344407
0.880349  0.316997
0.883199  0.295778
0.886049  0.287304
0.888899  0.287344
0.891749  0.292887
0.894594  0.301535
0.897443  0.304058
0.900293  0.300159
0.903143  0.289480
0.905988  0.282817
0.908838  0.284227
0.911688  0.284843
0.914538  0.292321
0.917383  0.288514
0.920233  0.285116
0.923083  0.283101
0.925932  0.272304
0.928782  0.281296
0.931627  0.280916
0.934477  0.280785
0.937327  0.286809
0.940177  0.283102
0.943022  0.286320
0.945872  0.278448
0.948722  0.275746
0.951572  0.279556
0.954421  0.272450
0.957267  0.278287
0.960116  0.275424
0.962966  0.274536
0.965816  0.271963
0.968661  0.260818
0.971511  0.235652
0.974361  0.226249
0.977211  0.224398
0.980061  0.226511
0.982906  0.238993
0.985756  0.252972
0.988605  0.252857
0.991455  0.256895
0.994300  0.269369
0.997150  0.276039
1.000000  0.278269
