0.000000  0.114960
0.001059  0.145485
0.002117  0.141216
0.003176  0.194826
0.004234  0.175734
0.005293  0.147658
0.006351  0.140157
0.007410  0.141960
0.008468  0.156193
0.009527  0.136460
0.010586  0.133181
0.011644  0.155244
0.012703  0.132153
0.013761  0.160202
0.014820  0.164532
0.015879  0.139467
0.016937  0.143778
0.017996  0.145899
0.019054  0.145152
0.020113  0.159740
0.021171  0.159178
0.022229  0.165015
0.023288  0.165012
0.024346  0.173866
0.025405  0.170202
0.026464  0.175128
0.027522  0.188458
0.028581  0.186439
0.029639  0.174495
0.030698  0.189578
0.031757  0.189962
0.032815  0.201505
0.033874  0.187123
0.034932  0.196169
0.035991  0.194099
0.037049  0.197057
0.038108  0.193394
0.039166  0.205037
0.040225  0.196184
0.041283  0.201939
0.042342  0.199925
0.043400  0.209140
0.044459  0.199535
0.045517  0.201088
0.046576  0.206634
0.047635  0.222161
0.048693  0.217354
0.049752  0.216580
0.050810  0.206647
0.051869  0.219643
0.052927  0.218819
0.053986  0.228480
0.055044  0.224650
0.056103  0.231975
0.057161  0.226474
0.058220  0.241614
0.059278  0.226736
0.060337  0.241584
0.061396  0.238543
0.062454  0.254873
0.063513  0.254724
0.064571  0.254858
0.065630  0.253125
0.066688  0.254230
0.067747  0.251699
0.068806  0.261290
0.069864  0.252236
0.070923  0.268259
0.071981  0.271750
0.073040  0.267694
0.074098  0.274188
0.075157  0.279471
0.076215  0.279693
0.077274  0.276446
0.078332  0.277185
0.079391  0.287742
0.080449  0.282473
0.081508  0.287789
0.082567  0.282315
0.083625  0.283088
0.084684  0.299957
0.085742  0.297795
0.086801  0.288657
0.087859  0.302858
0.088918  0.286883
0.089976  0.291774
0.091035  0.305241
0.092093  0.309045
0.093152  0.308385
0.094210  0.312344
0.095269  0.311644
0.096327  0.309737
0.097386  0.313772
0.098445  0.316591
0.099503  0.312861
0.100562  0.323133
0.101620  0.318922
0.102679  0.319630
0.103738  0.315665
0.104796  0.321014
0.105854  0.323583
0.106913  0.327769
0.107971  0.324530
0.109030  0.312214
0.110088  0.326606
0.111147  0.337045
0.112205  0.321963
0.113264  0.329464
0.114323  0.326208
0.115381  0.332740
0.116440  0.335463
0.117498  0.338653
0.118557  0.344096
0.119616  0.335714
0.120674  0.329465
0.121733  0.333964
0.122791  0.326931
0.123850  0.345105
0.124908  0.342696
0.125967  0.337773
0.127025  0.336436
0.128084  0.343416
0.129142  0.344413
0.130201  0.346245
0.131259  0.325451
0.132318  0.341099
0.133377  0.341954
0.134435  0.350476
0.135494  0.357258
0.136552  0.355530
0.137611  0.346516
0.138669  0.352280
0.139728  0.368736
0.140786  0.348401
0.141845  0.345181
0.142903  0.355727
0.143962  0.369248
0.145020  0.359445
0.146079  0.357788
0.147137  0.360697
0.148196  0.360426
0.149255  0.363413
0.150313  0.352940
0.151372  0.379707
0.152430  0.365807
0.153489  0.366347
0.154548  0.359589
0.155606  0.378596
0.156665  0.367151
0.157723  0.364994
0.158782  0.365499
0.159840  0.370684
0.160898  0.359987
0.161957  0.369014
0.163015  0.372219
0.164074  0.376565
0.165133  0.377778
0.166191  0.376764
0.167250  0.368995
0.168308  0.377530
0.169367  0.368822
0.170426  0.385026
0.171484  0.396230
0.172543  0.386845
0.173601  0.390023
0.174660  0.378178
0.175718  0.388918
0.176777  0.394691
0.177835  0.382418
0.178894  0.388737
0.179952  0.385833
0.181011  0.382992
0.182069  0.382405
0.183128  0.402395
0.184187  0.391939
0.185245  0.395560
0.186304  0.387924
0.187362  0.392398
0.188421  0.400868
0.189479  0.391028
0.190538  0.398638
0.191596  0.389830
0.192655  0.397777
0.193713  0.410995
0.194772  0.396371
0.195830  0.398390
0.196889  0.408459
0.197947  0.412832
0.199006  0.408446
0.200065  0.398201
0.201123  0.377356
0.202182  0.401779
0.203240  0.411709
0.204299  0.394652
0.205358  0.392047
0.206416  0.402452
0.207475  0.397846
0.208533  0.408448
0.209592  0.411959
0.210650  0.420659
0.211709  0.414148
0.212767  0.414605
0.213826  0.401608
0.214884  0.411007
0.215943  0.410550
0.217001  0.393508
0.218060  0.404335
0.219118  0.411475
0.220177  0.402286
0.221236  0.418577
0.222294  0.413523
0.223353  0.389903
0.224411  0.403729
0.225470  0.409588
0.226528  0.427721
0.227587  0.399962
0.228645  0.408387
0.229704  0.393883
0.230762  0.397695
0.231821  0.408413
0.232879  0.419604
0.233938  0.417551
0.234996  0.411608
0.236055  0.396441
0.237114  0.437037
0.238172  0.406377
0.239231  0.406132
0.240289  0.411617
0.241348  0.382631
0.242407  0.420669
0.243465  0.386193
0.244523  0.425372
0.245582  0.426669
0.246640  0.427758
0.247699  0.385237
0.248757  0.419705
0.249816  0.395028
0.250875  0.414030
0.251933  0.408208
0.252992  0.450253
0.254050  0.494677
0.255109  0.423486
0.256168  0.413625
0.257226  0.370676
0.258285  0.434236
0.259343  0.455798
0.260402  0.438372
0.261460  0.463076
0.262519  0.378353
0.263577  0.406936
0.264636  0.418787
0.265694  0.433196
0.266753  0.462439
0.267811  0.381853
0.268870  0.411506
0.269928  0.430668
0.270987  0.417193
0.272046  0.421580
0.273104  0.438496
0.274163  0.445287
0.275221  0.431346
0.276280  0.419016
0.277338  0.465136
0.278397  0.427701
0.279455  0.448840
0.280514  0.466865
0.281572  0.433817
0.282631  0.365174
0.283689  0.437948
0.284748  0.444529
0.285806  0.469614
0.286865  0.447565
0.287923  0.432254
0.290654  0.458630
0.293503  0.455539
0.296353  0.457052
0.299198  0.457988
0.302048  0.457087
0.304898  0.456599
0.307748  0.459987
0.310593  0.456470
0.313443  0.461048
0.316293  0.463412
0.319143  0.462156
0.321992  0.465057
0.324838  0.466478
0.327687  0.463586
0.330537  0.465921
0.333387  0.466133
0.336232  0.471442
0.339082  0.477598
0.341932  0.485384
0.344782  0.496559
0.347632  0.491354
0.350477  0.488579
0.353327  0.490858
0.356176  0.476636
0.359026  0.479037
0.361871  0.475282
0.364721  0.474364
0.367571  0.469420
0.370421  0.467739
0.373271  0.467033
0.376116  0.464267
0.378966  0.469596
0.381816  0.465926
0.384665  0.466199
0.387510  0.468637
0.390360  0.467469
0.393210  0.469860
0.396060  0.470081
0.398910  0.470996
0.401755  0.473867
0.404605  0.472743
0.407455  0.479702
0.410305  0.476433
0.413150  0.476576
0.415999  0.474891
0.418849  0.480107
0.421699  0.479944
0.424544  0.477200
0.427394  0.482618
0.430244  0.479762
0.433094  0.482143
0.435944  0.486579
0.438789  0.483314
0.441639  0.486915
0.444488  0.486741
0.447338  0.493281
0.450183  0.498645
0.453033  0.512400
0.455883  0.513077
0.458733  0.517731
0.461583  0.513964
0.464428  0.511745
0.467278  0.527733
0.470128  0.496650
0.472977  0.501183
0.475823  0.522070
0.478672  0.503281
0.481522  0.483584
0.484372  0.496827
0.487222  0.487992
0.490067  0.480313
0.492917  0.493394
0.495767  0.496220
0.498617  0.487030
0.501462  0.482584
0.504312  0.489179
0.507161  0.482380
0.510011  0.492975
0.512856  0.484373
0.515706  0.479586
0.518556  0.475975
0.521406  0.477875
0.524256  0.477473
0.527101  0.482064
0.529951  0.478632
0.532801  0.480965
0.535650  0.481220
0.538495  0.479342
0.541345  0.478538
0.544195  0.479571
0.547045  0.480198
0.549895  0.483161
0.552740  0.483053
0.555590  0.484798
0.558440  0.480758
0.561290  0.484243
0.564135  0.482443
0.566984  0.477869
0.569834  0.481857
0.572684  0.480569
0.575534  0.485040
0.578379  0.482967
0.581229  0.481315
0.584079  0.483740
0.586929  0.484645
0.589774  0.476074
0.592624  0.481514
0.595473  0.480740
0.598323  0.477949
0.601168  0.474458
0.604018  0.468584
0.606868  0.466554
0.609718  0.468255
0.612568  0.469964
0.615413  0.463918
0.618263  0.474125
0.621113  0.474260
0.623962  0.471058
0.626808  0.466755
0.629657  0.470003
0.632507  0.463282
0.635357  0.457101
0.638207  0.464011
0.641052  0.466380
0.643902  0.467594
0.646752  0.472822
0.649602  0.467183
0.652447  0.473601
0.655297  0.472307
0.658146  0.469577
0.660996  0.471057
0.663846  0.470266
0.666691  0.467212
0.669541  0.455340
0.672391  0.466017
0.675241  0.454280
0.678086  0.456821
0.680936  0.462160
0.683786  0.461805
0.686635  0.471383
0.689485  0.456595
0.692330  0.473214
0.695180  0.467861
0.698030  0.473780
0.700880  0.468225
0.703725  0.467614
0.706575  0.467330
0.709425  0.457433
0.712275  0.464485
0.715120  0.440286
0.717969  0.429586
0.720819  0.429231
0.723669  0.439656
0.726519  0.444016
0.729364  0.430963
0.732214  0.448578
0.735064  0.437071
0.737914  0.440807
0.740759  0.442334
0.743609  0.434037
0.746458  0.441856
0.749308  0.452403
0.752158  0.452780
0.755003  0.453418
0.757853  0.465467
0.760703  0.460539
0.763553  0.457131
0.766398  0.447882
0.769248  0.451633
0.772098  0.456264
0.774947  0.453665
0.777797  0.462596
0.780642  0.461985
0.783492  0.462930
0.786342  0.459805
0.789192  0.455149
0.792037  0.460731
0.794887  0.470438
0.797737  0.458334
0.800587  0.464894
0.803432  0.453613
0.806282  0.462588
0.809131  0.462382
0.811981  0.455898
0.814831  0.446889
0.817676  0.446166
0.820526  0.432591
0.823376  0.423662
0.826226  0.408760
0.829071  0.412709
0.831921  0.418150
0.834771  0.413828
0.837620  0.407954
0.840470  0.425365
0.843315  0.422533
0.846165  0.422888
0.849015  0.416149
0.851865  0.420334
0.854710  0.414210
0.857560  0.413467
0.860410  0.417661
0.863260  0.412226
0.866109  0.407463
0.868954  0.397125
0.871804  0.390384
0.874654  0.355416
0.877504  0.328389
0.880349  0.308362
0.883199  0.292418
0.886049  0.278410
0.888899  0.281562
0.891749  0.283487
0.894594  0.297618
0.897443  0.298219
0.900293  0.288013
0.903143  0.277488
0.905988  0.265965
0.908838  0.267208
0.911688  0.266641
0.914538  0.273514
0.917383  0.273249
0.920233  0.276640
0.923083  0.270529
0.925932  0.261206
0.928782  0.267729
0.931627  0.259558
0.934477  0.264649
0.937327  0.264834
0.940177  0.268869
0.943022  0.268309
0.945872  0.261951
0.948722  0.260035
0.951572  0.262774
0.954421  0.260394
0.957267  0.261060
0.960116  0.252837
0.962966  0.249456
0.965816  0.246682
0.968661  0.239103
0.971511  0.226183
0.974361  0.211860
0.977211  0.204806
0.980061  0.208224
0.982906  0.230212
0.985756  0.226968
0.988605  0.238209
0.991455  0.239693
0.994300  0.243352
0.997150  0.246723
1.000000  0.260036
