0.000000  0.089611
0.001059  0.116950
0.002117  0.169169
0.003176  0.172793
0.004234  0.163825
0.005293  0.167314
0.006351  0.140307
0.007410  0.163544
0.008468  0.123862
0.009527  0.150125
0.010586  0.118286
0.011644  0.120842
0.012703  0.145871
0.013761  0.137985
0.014820  0.142684
0.015879  0.155356
0.016937  0.150746
0.017996  0.158593
0.019054  0.151744
0.020113  0.165750
0.021171  0.151293
0.022229  0.159689
0.023288  0.171335
0.024346  0.167043
0.025405  0.170321
0.026464  0.166288
0.027522  0.167329
0.028581  0.171917
0.029639  0.177995
0.030698  0.166343
0.031757  0.174152
0.032815  0.179818
0.033874  0.183877
0.034932  0.172948
0.035991  0.183632
0.037049  0.174774
0.038108  0.179844
0.039166  0.191903
0.040225  0.190403
0.041283  0.187023
0.042342  0.184942
0.043400  0.199260
0.044459  0.187759
0.045517  0.211407
0.046576  0.197048
0.047635  0.202871
0.048693  0.197552
0.049752  0.199045
0.050810  0.195334
0.051869  0.206781
0.052927  0.210471
0.053986  0.223549
0.055044  0.207453
0.056103  0.216512
0.057161  0.212641
0.058220  0.214446
0.059278  0.219325
0.060337  0.228546
0.061396  0.225336
0.062454  0.236159
0.063513  0.235353
0.064571  0.237257
0.065630  0.246812
0.066688  0.250191
0.067747  0.239568
0.068806  0.245711
0.069864  0.244131
0.070923  0.252266
0.071981  0.240895
0.073040  0.249455
0.074098  0.260597
0.075157  0.264013
0.076215  0.253981
0.077274  0.265517
0.078332  0.269520
0.079391  0.267708
0.080449  0.269815
0.081508  0.273806
0.082567  0.282181
0.083625  0.284131
0.084684  0.283678
0.085742  0.290602
0.086801  0.283023
0.087859  0.293921
0.088918  0.286555
0.089976  0.293765
0.091035  0.297409
0.092093  0.290245
0.093152  0.293307
0.094210  0.299169
0.095269  0.296066
0.096327  0.294594
0.097386  0.300485
0.098445  0.318372
0.099503  0.312522
0.100562  0.309504
0.101620  0.303562
0.102679  0.314148
0.103738  0.298663
0.104796  0.312367
0.105854  0.302095
0.106913  0.313647
0.107971  0.309750
0.109030  0.319209
0.110088  0.319181
0.111147  0.311580
0.112205  0.317991
0.113264  0.320643
0.114323  0.323488
0.115381  0.326622
0.116440  0.318425
0.117498  0.323423
0.118557  0.329505
0.119616  0.331556
0.120674  0.333037
0.121733  0.343849
0.122791  0.332172
0.123850  0.334585
0.124908  0.328034
0.125967  0.337532
0.127025  0.336235
0.128084  0.331364
0.129142  0.342410
0.130201  0.351425
0.131259  0.337744
0.132318  0.343516
0.133377  0.334946
0.134435  0.348469
0.135494  0.341924
0.136552  0.335256
0.137611  0.358333
0.138669  0.352650
0.139728  0.339082
0.140786  0.350048
0.141845  0.355268
0.142903  0.347168
0.143962  0.351469
0.145020  0.366869
0.146079  0.368661
0.147137  0.358528
0.148196  0.361691
0.149255  0.373654
0.150313  0.358838
0.151372  0.352387
0.152430  0.359753
0.153489  0.371885
0.154548  0.372152
0.155606  0.366580
0.156665  0.379730
0.157723  0.355400
0.158782  0.357433
0.159840  0.378619
0.160898  0.369200
0.161957  0.368425
0.163015  0.378435
0.164074  0.384193
0.165133  0.375922
0.166191  0.374593
0.167250  0.363751
0.168308  0.372839
0.169367  0.365480
0.170426  0.378087
0.171484  0.376297
0.172543  0.377098
0.173601  0.392636
0.174660  0.393779
0.175718  0.376660
0.176777  0.384822
0.177835  0.393041
0.178894  0.393886
0.179952  0.395932
0.181011  0.397807
0.182069  0.387069
0.183128  0.392797
0.184187  0.393082
0.185245  0.397742
0.186304  0.403382
0.187362  0.411278
0.188421  0.396584
0.189479  0.408178
0.190538  0.409996
0.191596  0.387892
0.192655  0.402279
0.193713  0.412913
0.194772  0.396317
0.195830  0.423238
0.196889  0.391674
0.197947  0.418994
0.199006  0.413993
0.200065  0.401486
0.201123  0.396638
0.202182  0.415076
0.203240  0.400752
0.204299  0.404619
0.205358  0.405015
0.206416  0.415966
0.207475  0.418704
0.208533  0.407100
0.209592  0.407458
0.210650  0.415154
0.211709  0.405729
0.212767  0.427935
0.213826  0.406577
0.214884  0.405925
0.215943  0.429443
0.217001  0.430932
0.218060  0.416842
0.219118  0.405156
0.220177  0.418244
0.221236  0.429576
0.222294  0.415837
0.223353  0.427108
0.224411  0.427077
0.225470  0.436497
0.226528  0.433851
0.227587  0.420200
0.228645  0.413182
0.229704  0.403477
0.230762  0.420198
0.231821  0.403471
0.232879  0.417530
0.233938  0.400066
0.234996  0.396499
0.236055  0.436978
0.237114  0.400172
0.238172  0.417299
0.239231  0.434471
0.240289  0.435253
0.241348  0.437262
0.242407  0.415656
0.243465  0.409874
0.244523  0.436067
0.245582  0.427560
0.246640  0.425568
0.247699  0.419812
0.248757  0.435024
0.249816  0.435295
0.250875  0.437929
0.251933  0.423817
0.252992  0.459275
0.254050  0.430413
0.255109  0.420527
0.256168  0.412238
0.257226  0.417585
0.258285  0.429481
0.259343  0.494791
0.260402  0.417686
0.261460  0.417203
0.262519  0.430407
0.263577  0.471250
0.264636  0.433620
0.265694  0.492313
0.266753  0.357810
0.267811  0.412238
0.268870  0.433766
0.269928  0.497129
0.270987  0.450180
0.272046  0.449591
0.273104  0.452590
0.274163  0.424192
0.275221  0.417120
0.276280  0.426930
0.277338  0.437123
0.278397  0.424951
0.279455  0.414763
0.280514  0.421084
0.281572  0.384135
0.282631  0.441965
0.283689  0.374720
0.284748  0.437441
0.285806  0.408329
0.286865  0.420968
0.287923  0.434245
0.290654  0.463597
0.293503  0.468268
0.296353  0.466439
0.299198  0.466876
0.302048  0.468112
0.304898  0.465767
0.307748  0.469993
0.310593  0.471050
0.313443  0.470753
0.316293  0.475080
0.319143  0.472102
0.321992  0.474662
0.324838  0.475983
0.327687  0.476733
0.330537  0.479723
0.333387  0.478178
0.336232  0.479550
0.339082  0.487137
0.341932  0.505746
0.344782  0.504232
0.347632  0.511378
0.350477  0.503275
0.353327  0.499369
0.356176  0.489705
0.359026  0.487903
0.361871  0.484261
0.364721  0.485795
0.367571  0.484689
0.370421  0.482389
0.373271  0.480236
0.376116  0.480589
0.378966  0.485053
0.381816  0.486082
0.384665  0.486058
0.387510  0.486847
0.390360  0.490145
0.393210  0.485680
0.396060  0.488690
0.398910  0.488228
0.401755  0.488931
0.404605  0.489220
0.407455  0.488807
0.410305  0.489567
0.413150  0.490473
0.415999  0.494688
0.418849  0.492845
0.421699  0.496565
0.424544  0.494663
0.427394  0.495388
0.430244  0.494561
0.433094  0.490752
0.435944  0.496343
0.438789  0.498795
0.441639  0.502930
0.444488  0.504396
0.447338  0.512526
0.450183  0.514849
0.453033  0.526820
0.455883  0.529407
0.458733  0.542939
0.461583  0.555690
0.464428  0.538491
0.467278  0.528551
0.470128  0.532860
0.472977  0.541042
0.475823  0.527178
0.478672  0.527719
0.481522  0.528253
0.484372  0.521661
0.487222  0.514132
0.490067  0.516702
0.492917  0.510602
0.495767  0.522639
0.498617  0.514745
0.501462  0.511652
0.504312  0.506705
0.507161  0.501558
0.510011  0.508922
0.512856  0.497551
0.515706  0.500074
0.518556  0.502160
0.521406  0.498010
0.524256  0.495819
0.527101  0.504684
0.529951  0.501416
0.532801  0.501817
0.535650  0.499777
0.538495  0.495524
0.541345  0.497714
0.544195  0.498700
0.547045  0.501021
0.549895  0.499383
0.552740  0.501428
0.555590  0.498798
0.558440  0.501276
0.561290  0.503260
0.564135  0.501758
0.566984  0.498526
0.569834  0.497860
0.572684  0.502116
0.575534  0.501775
0.578379  0.495492
0.581229  0.498027
0.584079  0.503924
0.586929  0.502460
0.589774  0.498653
0.592624  0.501831
0.595473  0.496770
0.598323  0.500661
0.601168  0.493116
0.604018  0.485244
0.606868  0.487628
0.609718  0.487506
0.612568  0.491759
0.615413  0.494857
0.618263  0.496428
0.621113  0.494961
0.623962  0.498749
0.626808  0.499280
0.629657  0.495970
0.632507  0.496592
0.635357  0.497841
0.638207  0.497204
0.641052  0.492833
0.643902  0.493511
0.646752  0.502042
0.649602  0.497466
0.652447  0.500844
0.655297  0.500994
0.658146  0.498614
0.660996  0.502180
0.663846  0.505746
0.666691  0.483146
0.669541  0.484765
0.672391  0.490182
0.675241  0.486801
0.678086  0.494467
0.680936  0.480918
0.683786  0.495087
0.686635  0.499537
0.689485  0.477230
0.692330  0.485960
0.695180  0.490143
0.698030  0.495682
0.700880  0.499037
0.703725  0.496572
0.706575  0.492324
0.709425  0.479663
0.712275  0.477069
0.715120  0.459763
0.717969  0.464966
0.720819  0.470001
0.723669  0.467269
0.726519  0.467576
0.729364  0.473793
0.732214  0.464939
0.735064  0.463714
0.737914  0.468799
0.740759  0.459019
0.743609  0.471726
0.746458  0.469324
0.749308  0.476937
0.752158  0.477894
0.755003  0.483033
0.757853  0.491444
0.760703  0.479678
0.763553  0.478576
0.766398  0.481500
0.769248  0.478356
0.772098  0.489082
0.774947  0.481151
0.777797  0.487868
0.780642  0.484553
0.783492  0.483024
0.786342  0.489787
0.789192  0.486559
0.792037  0.490299
0.794887  0.480417
0.797737  0.479174
0.800587  0.478690
0.803432  0.474537
0.806282  0.477551
0.809131  0.481947
0.811981  0.481743
0.814831  0.475467
0.817676  0.460822
0.820526  0.457238
0.823376  0.444219
0.826226  0.433540
0.829071  0.429162
0.831921  0.445410
0.834771  0.440614
0.837620  0.439701
0.840470  0.441980
0.843315  0.456076
0.846165  0.453343
0.849015  0.444263
0.851865  0.446570
0.854710  0.448285
0.857560  0.447482
0.860410  0.442648
0.863260  0.446434
0.866109  0.442908
0.868954  0.426276
0.871804  0.411119
0.874654  0.383838
0.877504  0.357702
0.880349  0.338207
0.883199  0.311821
0.886049  0.302744
0.888899  0.300075
0.891749  0.306317
0.894594  0.319781
0.897443  0.315813
0.900293  0.313386
0.903143  0.307611
0.905988  0.297793
0.908838  0.296908
0.911688  0.298942
0.914538  0.302706
0.917383  0.300598
0.920233  0.298389
0.923083  0.293495
0.925932  0.286443
0.928782  0.290600
0.931627  0.292718
0.934477  0.297839
0.937327  0.291557
0.940177  0.290548
0.943022  0.296305
0.945872  0.292779
0.948722  0.285071
0.951572  0.285395
0.954421  0.279972
0.957267  0.288545
0.960116  0.286416
0.962966  0.277601
0.965816  0.271440
0.968661  0.273360
0.971511  0.242566
0.974361  0.232633
0.977211  0.224490
0.980061  0.231957
0.982906  0.241174
0.985756  0.238398
0.988605  0.255927
0.991455  0.258557
0.994300  0.254266
0.997150  0.271596
1.000000  0.272579
