0.000000  0.138844
0.001059  0.165910
0.002117  0.146603
0.003176  0.204132
0.004234  0.154952
0.005293  0.174049
0.006351  0.154958
0.007410  0.154607
0.008468  0.150489
0.009527  0.151432
0.010586  0.148593
0.011644  0.160390
0.012703  0.152282
0.013761  0.152580
0.014820  0.159741
0.015879  0.153565
0.016937  0.164814
0.017996  0.163401
0.019054  0.155400
0.020113  0.164850
0.021171  0.178611
0.022229  0.184197
0.023288  0.184280
0.024346  0.180631
0.025405  0.182525
0.026464  0.186646
0.027522  0.203115
0.028581  0.198357
0.029639  0.190564
0.030698  0.198920
0.031757  0.190857
0.032815  0.198081
0.033874  0.193781
0.034932  0.190708
0.035991  0.200765
0.037049  0.195095
0.038108  0.193920
0.039166  0.197794
0.040225  0.202343
0.041283  0.206086
0.042342  0.198151
0.043400  0.207433
0.044459  0.203493
0.045517  0.221940
0.046576  0.204116
0.047635  0.217394
0.048693  0.209561
0.049752  0.218276
0.050810  0.216103
0.051869  0.231155
0.052927  0.220622
0.053986  0.234586
0.055044  0.220050
0.056103  0.226897
0.057161  0.233682
0.058220  0.248046
0.059278  0.240124
0.060337  0.258178
0.061396  0.240993
0.062454  0.251582
0.063513  0.258692
0.064571  0.261297
0.065630  0.258086
0.066688  0.274613
0.067747  0.269704
0.068806  0.280740
0.069864  0.264704
0.070923  0.278749
0.071981  0.269278
0.073040  0.280567
0.074098  0.275346
0.075157  0.280446
0.076215  0.289358
0.077274  0.296550
0.078332  0.289562
0.079391  0.299205
0.080449  0.295274
0.081508  0.310051
0.082567  0.301069
0.083625  0.309335
0.084684  0.308713
0.085742  0.316047
0.086801  0.315565
0.087859  0.324937
0.088918  0.326368
0.089976  0.329780
0.091035  0.314681
0.092093  0.327755
0.093152  0.326545
0.094210  0.332926
0.095269  0.332141
0.096327  0.323909
0.097386  0.332936
0.098445  0.343681
0.099503  0.347079
0.100562  0.349165
0.101620  0.335846
0.102679  0.333468
0.103738  0.351243
0.104796  0.347193
0.105854  0.350304
0.106913  0.361653
0.107971  0.347269
0.109030  0.352071
0.110088  0.352057
0.111147  0.347786
0.112205  0.359773
0.113264  0.358462
0.114323  0.352386
0.115381  0.362479
0.116440  0.358395
0.117498  0.357961
0.118557  0.376025
0.119616  0.365235
0.120674  0.377400
0.121733  0.353535
0.122791  0.365788
0.123850  0.369953
0.124908  0.368558
0.125967  0.367593
0.127025  0.374453
0.128084  0.380458
0.129142  0.371646
0.130201  0.382863
0.131259  0.374471
0.132318  0.380332
0.133377  0.379871
0.134435  0.374168
0.135494  0.387294
0.136552  0.394115
0.137611  0.395908
0.138669  0.398054
0.139728  0.383884
0.140786  0.395329
0.141845  0.391345
0.142903  0.410337
0.143962  0.398555
0.145020  0.393877
0.146079  0.391865
0.147137  0.394652
0.148196  0.391526
0.149255  0.413724
0.150313  0.414325
0.151372  0.415349
0.152430  0.390325
0.153489  0.396825
0.154548  0.398692
0.155606  0.407127
0.156665  0.396634
0.157723  0.411389
0.158782  0.416741
0.159840  0.411847
0.160898  0.396458
0.161957  0.426488
0.163015  0.408013
0.164074  0.411609
0.165133  0.405327
0.166191  0.432082
0.167250  0.430168
0.168308  0.412011
0.169367  0.414315
0.170426  0.437223
0.171484  0.423299
0.172543  0.413711
0.173601  0.426497
0.174660  0.434533
0.175718  0.434467
0.176777  0.422140
0.177835  0.428652
0.178894  0.416365
0.179952  0.443451
0.181011  0.423274
0.182069  0.442207
0.183128  0.434362
0.184187  0.420923
0.185245  0.451040
0.186304  0.446792
0.187362  0.438792
0.188421  0.428331
0.189479  0.452709
0.190538  0.426648
0.191596  0.450255
0.192655  0.428218
0.193713  0.452144
0.194772  0.438350
0.195830  0.451490
0.196889  0.469753
0.197947  0.452355
0.199006  0.451975
0.200065  0.441834
0.201123  0.434278
0.202182  0.444476
0.203240  0.429092
0.204299  0.449383
0.205358  0.437430
0.206416  0.455877
0.207475  0.454970
0.208533  0.442351
0.209592  0.437899
0.210650  0.444765
0.211709  0.458093
0.212767  0.451149
0.213826  0.444902
0.214884  0.445538
0.215943  0.446039
0.217001  0.454954
0.218060  0.459820
0.219118  0.443741
0.220177  0.444988
0.221236  0.428094
0.222294  0.438261
0.223353  0.418329
0.224411  0.449163
0.225470  0.464049
0.226528  0.448433
0.227587  0.441383
0.228645  0.445856
0.229704  0.462084
0.230762  0.439766
0.231821  0.459518
0.232879  0.454825
0.233938  0.455562
0.234996  0.452273
0.236055  0.433940
0.237114  0.460519
0.238172  0.460066
0.239231  0.460757
0.240289  0.408587
0.241348  0.439199
0.242407  0.468161
0.243465  0.418611
0.244523  0.433098
0.245582  0.424885
0.246640  0.448654
0.247699  0.446271
0.248757  0.409045
0.249816  0.471559
0.250875  0.501319
0.251933  0.455820
0.252992  0.446316
0.254050  0.425536
0.255109  0.470619
0.256168  0.474536
0.257226  0.448405
0.258285  0.468109
0.259343  0.430003
0.260402  0.437213
0.261460  0.480043
0.262519  0.441810
0.263577  0.447436
0.264636  0.418425
0.265694  0.429071
0.266753  0.422150
0.267811  0.447801
0.268870  0.479809
0.269928  0.499512
0.270987  0.444481
0.272046  0.447148
0.273104  0.457931
0.274163  0.496007
0.275221  0.451964
0.276280  0.443667
0.277338  0.453525
0.278397  0.449512
0.279455  0.438725
0.280514  0.482679
0.281572  0.441629
0.282631  0.408877
0.283689  0.459783
0.284748  0.453368
0.285806  0.471669
0.286865  0.451990
0.287923  0.480330
0.290654  0.479857
0.293503  0.480031
0.296353  0.479723
0.299198  0.483243
0.302048  0.481498
0.304898  0.483165
0.307748  0.483064
0.310593  0.484219
0.313443  0.482969
0.316293  0.485049
0.319143  0.485355
0.321992  0.486796
0.324838  0.485646
0.327687  0.487967
0.330537  0.488541
0.333387  0.489074
0.336232  0.492861
0.339082  0.498330
0.341932  0.507128
0.344782  0.510553
0.347632  0.511675
0.350477  0.505062
0.353327  0.506912
0.356176  0.500892
0.359026  0.501763
0.361871  0.493348
0.364721  0.493724
0.367571  0.493495
0.370421  0.492394
0.373271  0.493080
0.376116  0.493138
0.378966  0.495988
0.381816  0.493053
0.384665  0.496927
0.387510  0.493892
0.390360  0.495561
0.393210  0.496796
0.396060  0.497477
0.398910  0.499746
0.401755  0.499339
0.404605  0.500346
0.407455  0.500448
0.410305  0.502448
0.413150  0.498805
0.415999  0.500388
0.418849  0.503547
0.421699  0.502617
0.424544  0.502240
0.427394  0.504049
0.430244  0.506094
0.433094  0.504048
0.435944  0.507734
0.438789  0.509182
0.441639  0.509549
0.444488  0.511086
0.447338  0.516171
0.450183  0.521403
0.453033  0.524795
0.455883  0.525974
0.458733  0.529651
0.461583  0.533248
0.464428  0.521666
0.467278  0.528211
0.470128  0.529563
0.472977  0.527118
0.475823  0.526641
0.478672  0.521268
0.481522  0.514523
0.484372  0.514028
0.487222  0.512989
0.490067  0.513815
0.492917  0.516004
0.495767  0.509631
0.498617  0.506765
0.501462  0.504387
0.504312  0.508449
0.507161  0.508751
0.510011  0.508411
0.512856  0.502862
0.515706  0.501804
0.518556  0.502036
0.521406  0.501077
0.524256  0.498816
0.527101  0.500680
0.529951  0.498056
0.532801  0.501180
0.535650  0.498406
0.538495  0.498423
0.541345  0.497466
0.544195  0.497309
0.547045  0.499005
0.549895  0.497339
0.552740  0.498006
0.555590  0.500299
0.558440  0.500259
0.561290  0.500863
0.564135  0.500371
0.566984  0.504452
0.569834  0.501811
0.572684  0.502599
0.575534  0.501508
0.578379  0.503564
0.581229  0.503577
0.584079  0.503202
0.586929  0.504690
0.589774  0.502264
0.592624  0.499808
0.595473  0.503085
0.598323  0.498999
0.601168  0.494028
0.604018  0.488682
0.606868  0.487302
0.609718  0.489552
0.612568  0.493213
0.615413  0.492649
0.618263  0.493920
0.621113  0.496836
0.623962  0.498149
0.626808  0.498484
0.629657  0.494222
0.632507  0.493754
0.635357  0.494699
0.638207  0.495474
0.641052  0.491503
0.643902  0.494128
0.646752  0.496694
0.649602  0.499273
0.652447  0.496620
0.655297  0.495811
0.658146  0.495124
0.660996  0.497963
0.663846  0.494332
0.666691  0.488074
0.669541  0.478824
0.672391  0.477796
0.675241  0.474299
0.678086  0.471342
0.680936  0.477685
0.683786  0.475455
0.686635  0.481382
0.689485  0.483023
0.692330  0.479686
0.695180  0.490182
0.698030  0.481663
0.700880  0.483701
0.703725  0.479420
0.706575  0.475217
0.709425  0.480777
0.712275  0.469400
0.715120  0.472624
0.717969  0.454654
0.720819  0.455286
0.723669  0.458147
0.726519  0.456061
0.729364  0.463309
0.732214  0.458496
0.735064  0.464830
0.737914  0.452717
0.740759  0.453598
0.743609  0.454845
0.746458  0.462307
0.749308  0.466036
0.752158  0.475116
0.755003  0.478987
0.757853  0.483385
0.760703  0.482825
0.763553  0.477783
0.766398  0.476084
0.769248  0.485500
0.772098  0.484171
0.774947  0.483098
0.777797  0.491044
0.780642  0.485029
0.783492  0.485571
0.786342  0.485559
0.789192  0.479427
0.792037  0.481827
0.794887  0.478390
0.797737  0.473412
0.800587  0.476945
0.803432  0.474059
0.806282  0.475992
0.809131  0.476130
0.811981  0.476839
0.814831  0.469211
0.817676  0.457959
0.820526  0.447000
0.823376  0.436456
0.826226  0.430778
0.829071  0.428364
0.831921  0.436118
0.834771  0.435371
0.837620  0.436568
0.840470  0.436869
0.843315  0.445508
0.846165  0.442209
0.849015  0.438393
0.851865  0.437885
0.854710  0.436632
0.857560  0.438015
0.860410  0.437482
0.863260  0.437693
0.866109  0.430440
0.868954  0.422421
0.871804  0.401298
0.874654  0.380036
0.877504  0.355742
0.880349  0.332734
0.883199  0.306902
0.886049  0.295780
0.888899  0.296329
0.891749  0.301150
0.894594  0.308064
0.897443  0.312441
0.900293  0.307109
0.903143  0.298305
0.905988  0.292637
0.908838  0.287576
0.911688  0.291390
0.914538  0.294784
0.917383  0.289044
0.920233  0.285502
0.923083  0.285243
0.925932  0.281612
0.928782  0.286314
0.931627  0.280957
0.934477  0.286379
0.937327  0.287236
0.940177  0.285159
0.943022  0.284236
0.945872  0.281387
0.948722  0.275374
0.951572  0.275601
0.954421  0.272705
0.957267  0.274549
0.960116  0.275408
0.962966  0.271037
0.965816  0.267021
0.968661  0.260157
0.971511  0.232974
0.974361  0.227196
0.977211  0.221716
0.980061  0.222047
0.982906  0.236211
0.985756  0.253568
0.988605  0.254356
0.991455  0.258193
0.994300  0.267378
0.997150  0.264640
1.000000  0.259522
