0.000000  0.135418
0.001059  0.144219
0.002117  0.157063
0.003176  0.133395
0.004234  0.154612
0.005293  0.152189
0.006351  0.155888
0.007410  0.130283
0.008468  0.135575
0.009527  0.133261
0.010586  0.133512
0.011644  0.134196
0.012703  0.128967
0.013761  0.135979
0.014820  0.133393
0.015879  0.142835
0.016937  0.138379
0.017996  0.138172
0.019054  0.142364
0.020113  0.142274
0.021171  0.144439
0.022229  0.158782
0.023288  0.151832
0.024346  0.159163
0.025405  0.153496
0.026464  0.157217
0.027522  0.155159
0.028581  0.166019
0.029639  0.163615
0.030698  0.167209
0.031757  0.165478
0.032815  0.167804
0.033874  0.165900
0.034932  0.169952
0.035991  0.164172
0.037049  0.175230
0.038108  0.167843
0.039166  0.174244
0.040225  0.171473
0.041283  0.179026
0.042342  0.172422
0.043400  0.183798
0.044459  0.180078
0.045517  0.186774
0.046576  0.180345
0.047635  0.191660
0.048693  0.181573
0.049752  0.195370
0.050810  0.188180
0.051869  0.200504
0.052927  0.198204
0.053986  0.199243
0.055044  0.196871
0.056103  0.201915
0.057161  0.200369
0.058220  0.210065
0.059278  0.207798
0.060337  0.215716
0.061396  0.210493
0.062454  0.223333
0.063513  0.214930
0.064571  0.226187
0.065630  0.217913
0.066688  0.228442
0.067747  0.225013
0.068806  0.234442
0.069864  0.234179
0.070923  0.239703
0.071981  0.239884
0.073040  0.243002
0.074098  0.239378
0.075157  0.249168
0.076215  0.244507
0.077274  0.250239
0.078332  0.248241
0.079391  0.257059
0.080449  0.252480
0.081508  0.261502
0.082567  0.257315
0.083625  0.267569
0.084684  0.268196
0.085742  0.268442
0.086801  0.268181
0.087859  0.268848
0.088918  0.271331
0.089976  0.276419
0.091035  0.281264
0.092093  0.280888
0.093152  0.283384
0.094210  0.284486
0.095269  0.284021
0.096327  0.287457
0.097386  0.289309
0.098445  0.287781
0.099503  0.289927
0.100562  0.296834
0.101620  0.294753
0.102679  0.297267
0.103738  0.289957
0.104796  0.297950
0.105854  0.302578
0.106913  0.301661
0.107971  0.298533
0.109030  0.306074
0.110088  0.298959
0.111147  0.306436
0.112205  0.308072
0.113264  0.309951
0.114323  0.308021
0.115381  0.306990
0.116440  0.311743
0.117498  0.313128
0.118557  0.315011
0.119616  0.314158
0.120674  0.318230
0.121733  0.321958
0.122791  0.315479
0.123850  0.328435
0.124908  0.326479
0.125967  0.323783
0.127025  0.327829
0.128084  0.326264
0.129142  0.320556
0.130201  0.326371
0.131259  0.324351
0.132318  0.333740
0.133377  0.327558
0.134435  0.331745
0.135494  0.333682
0.136552  0.329813
0.137611  0.330833
0.138669  0.336703
0.139728  0.335800
0.140786  0.339988
0.141845  0.337115
0.142903  0.337534
0.143962  0.337014
0.145020  0.341562
0.146079  0.339830
0.147137  0.346480
0.148196  0.339669
0.149255  0.346937
0.150313  0.343561
0.151372  0.349606
0.152430  0.349966
0.153489  0.353246
0.154548  0.344766
0.155606  0.355583
0.156665  0.350610
0.157723  0.356072
0.158782  0.357471
0.159840  0.365363
0.160898  0.359133
0.161957  0.366245
0.163015  0.356586
0.164074  0.366369
0.165133  0.356143
0.166191  0.368392
0.167250  0.365325
0.168308  0.374499
0.169367  0.363255
0.170426  0.375678
0.171484  0.369703
0.172543  0.375929
0.173601  0.370241
0.174660  0.381025
0.175718  0.368904
0.176777  0.382079
0.177835  0.376737
0.178894  0.381239
0.179952  0.372140
0.181011  0.386294
0.182069  0.378536
0.183128  0.378724
0.184187  0.379226
0.185245  0.385690
0.186304  0.374321
0.187362  0.387729
0.188421  0.379609
0.189479  0.389263
0.190538  0.385184
0.191596  0.393612
0.192655  0.383448
0.193713  0.393752
0.194772  0.384418
0.195830  0.381943
0.196889  0.396505
0.197947  0.396631
0.199006  0.387683
0.200065  0.394204
0.201123  0.392841
0.202182  0.401879
0.203240  0.395405
0.204299  0.396803
0.205358  0.396118
0.206416  0.393391
0.207475  0.397581
0.208533  0.397613
0.209592  0.390340
0.210650  0.397860
0.211709  0.399596
0.212767  0.402622
0.213826  0.400935
0.214884  0.393448
0.215943  0.398879
0.217001  0.406073
0.218060  0.410357
0.219118  0.406296
0.220177  0.396673
0.221236  0.412322
0.222294  0.407245
0.223353  0.405825
0.224411  0.407397
0.225470  0.401338
0.226528  0.396569
0.227587  0.400619
0.228645  0.405587
0.229704  0.404436
0.230762  0.402539
0.231821  0.408028
0.232879  0.407144
0.233938  0.393398
0.234996  0.397908
0.236055  0.407201
0.237114  0.406524
0.238172  0.389404
0.239231  0.399563
0.240289  0.393772
0.241348  0.402727
0.242407  0.398173
0.243465  0.399105
0.244523  0.409355
0.245582  0.401926
0.246640  0.411510
0.247699  0.402491
0.248757  0.406220
0.249816  0.411909
0.250875  0.406845
0.251933  0.404580
0.252992  0.418429
0.254050  0.390650
0.255109  0.400126
0.256168  0.415118
0.257226  0.417928
0.258285  0.433483
0.259343  0.421654
0.260402  0.394298
0.261460  0.421903
0.262519  0.389556
0.263577  0.425758
0.264636  0.419447
0.265694  0.407739
0.266753  0.433250
0.267811  0.417683
0.268870  0.411314
0.269928  0.429848
0.270987  0.409825
0.272046  0.424904
0.273104  0.421804
0.274163  0.434935
0.275221  0.413656
0.276280  0.419026
0.277338  0.410764
0.278397  0.409463
0.279455  0.412426
0.280514  0.403691
0.281572  0.406407
0.282631  0.415809
0.283689  0.413809
0.284748  0.397377
0.285806  0.411142
0.286865  0.420865
0.287923  0.410269
0.290654  0.441152
0.293503  0.439785
0.296353  0.442918
0.299198  0.442554
0.302048  0.439203
0.304898  0.438661
0.307748  0.447397
0.310593  0.445717
0.313443  0.444830
0.316293  0.451019
0.319143  0.445308
0.321992  0.445183
0.324838  0.449129
0.327687  0.452480
0.330537  0.450418
0.333387  0.454001
0.336232  0.462044
0.339082  0.464352
0.341932  0.476647
0.344782  0.492137
0.347632  0.486015
0.350477  0.476919
0.353327  0.477190
0.356176  0.473677
0.359026  0.469591
0.361871  0.469847
0.364721  0.464474
0.367571  0.462340
0.370421  0.459101
0.373271  0.458382
0.376116  0.459167
0.378966  0.455644
0.381816  0.460710
0.384665  0.459404
0.387510  0.459439
0.390360  0.463037
0.393210  0.465920
0.396060  0.462058
0.398910  0.463074
0.401755  0.465113
0.404605  0.464592
0.407455  0.463025
0.410305  0.464216
0.413150  0.466606
0.415999  0.466901
0.418849  0.465520
0.421699  0.465677
0.424544  0.467442
0.427394  0.468014
0.430244  0.470042
0.433094  0.471107
0.435944  0.472130
0.438789  0.472036
0.441639  0.474922
0.444488  0.479264
0.447338  0.481150
0.450183  0.486826
0.453033  0.508065
0.455883  0.514428
0.458733  0.531890
0.461583  0.511551
0.464428  0.512468
0.467278  0.509914
0.470128  0.503799
0.472977  0.522972
0.475823  0.504082
0.478672  0.499592
0.481522  0.513567
0.484372  0.500052
0.487222  0.507536
0.490067  0.507015
0.492917  0.504823
0.495767  0.499875
0.498617  0.490694
0.501462  0.493932
0.504312  0.481878
0.507161  0.483821
0.510011  0.485624
0.512856  0.486666
0.515706  0.481985
0.518556  0.476114
0.521406  0.472953
0.524256  0.473761
0.527101  0.467777
0.529951  0.462938
0.532801  0.467313
0.535650  0.463354
0.538495  0.464607
0.541345  0.464754
0.544195  0.464844
0.547045  0.465518
0.549895  0.465579
0.552740  0.463658
0.555590  0.464930
0.558440  0.466336
0.561290  0.463803
0.564135  0.468014
0.566984  0.466151
0.569834  0.466207
0.572684  0.468290
0.575534  0.466242
0.578379  0.468993
0.581229  0.468936
0.584079  0.467910
0.586929  0.467429
0.589774  0.463897
0.592624  0.470270
0.595473  0.464973
0.598323  0.464693
0.601168  0.461369
0.604018  0.453390
0.606868  0.457527
0.609718  0.456066
0.612568  0.455907
0.615413  0.461131
0.618263  0.457372
0.621113  0.464727
0.623962  0.464923
0.626808  0.463633
0.629657  0.461683
0.632507  0.461312
0.635357  0.461550
0.638207  0.459579
0.641052  0.464000
0.643902  0.461126
0.646752  0.467467
0.649602  0.471636
0.652447  0.467267
0.655297  0.470302
0.658146  0.464247
0.660996  0.470239
0.663846  0.466694
0.666691  0.467001
0.669541  0.468736
0.672391  0.466336
0.675241  0.459426
0.678086  0.475905
0.680936  0.468571
0.683786  0.459098
0.686635  0.481793
0.689485  0.487334
0.692330  0.475325
0.695180  0.469019
0.698030  0.480805
0.700880  0.483687
0.703725  0.482544
0.706575  0.476660
0.709425  0.464554
0.712275  0.464974
0.715120  0.464813
0.717969  0.453256
0.720819  0.439772
0.723669  0.459079
0.726519  0.464715
0.729364  0.454358
0.732214  0.455616
0.735064  0.455114
0.737914  0.445188
0.740759  0.452410
0.743609  0.442739
0.746458  0.449185
0.749308  0.447912
0.752158  0.460036
0.755003  0.458071
0.757853  0.456185
0.760703  0.458135
0.763553  0.462027
0.766398  0.460333
0.769248  0.457797
0.772098  0.461867
0.774947  0.460029
0.777797  0.453588
0.780642  0.453853
0.783492  0.459202
0.786342  0.460679
0.789192  0.451944
0.792037  0.451077
0.794887  0.456064
0.797737  0.452431
0.800587  0.455833
0.803432  0.447360
0.806282  0.451653
0.809131  0.455796
0.811981  0.453412
0.814831  0.436654
0.817676  0.432957
0.820526  0.420945
0.823376  0.412773
0.826226  0.408693
0.829071  0.402707
0.831921  0.412965
0.834771  0.411293
0.837620  0.413099
0.840470  0.419421
0.843315  0.425527
0.846165  0.418706
0.849015  0.414700
0.851865  0.404639
0.854710  0.413528
0.857560  0.421327
0.860410  0.415761
0.863260  0.423118
0.866109  0.413666
0.868954  0.399115
0.871804  0.386610
0.874654  0.361393
0.877504  0.335913
0.880349  0.316322
0.883199  0.285382
0.886049  0.285208
0.888899  0.276740
0.891749  0.285690
0.894594  0.294925
0.897443  0.300908
0.900293  0.292600
0.903143  0.291743
0.905988  0.277904
0.908838  0.276102
0.911688  0.277346
0.914538  0.280464
0.917383  0.284780
0.920233  0.277082
0.923083  0.276042
0.925932  0.270299
0.928782  0.280046
0.931627  0.270930
0.934477  0.276269
0.937327  0.281212
0.940177  0.274728
0.943022  0.279182
0.945872  0.272138
0.948722  0.267218
0.951572  0.271527
0.954421  0.268868
0.957267  0.272561
0.960116  0.272930
0.962966  0.260889
0.965816  0.263559
0.968661  0.249319
0.971511  0.235631
0.974361  0.220659
0.977211  0.214576
0.980061  0.219741
0.982906  0.235950
0.985756  0.243299
0.988605  0.240292
0.991455  0.250363
0.994300  0.261971
0.997150  0.278267
1.000000  0.268523
