0.000000  0.135166
0.001059  0.134435
0.002117  0.115073
0.003176  0.086614
0.004234  0.177803
0.005293  0.099567
0.006351  0.158901
0.007410  0.113388
0.008468  0.084651
0.009527  0.118399
0.010586  0.098567
0.011644  0.147302
0.012703  0.125415
0.013761  0.132432
0.014820  0.122567
0.015879  0.112993
0.016937  0.126473
0.017996  0.134025
0.019054  0.119896
0.020113  0.137564
0.021171  0.126516
0.022229  0.146567
0.023288  0.132856
0.024346  0.137529
0.025405  0.136277
0.026464  0.140269
0.027522  0.143549
0.028581  0.151726
0.029639  0.148724
0.030698  0.151029
0.031757  0.144947
0.032815  0.156761
0.033874  0.156102
0.034932  0.161579
0.035991  0.152460
0.037049  0.159391
0.038108  0.151948
0.039166  0.157228
0.040225  0.152659
0.041283  0.164299
0.042342  0.160255
0.043400  0.173223
0.044459  0.164374
0.045517  0.164139
0.046576  0.162744
0.047635  0.174494
0.048693  0.164000
0.049752  0.180215
0.050810  0.173927
0.051869  0.183371
0.052927  0.173613
0.053986  0.186812
0.055044  0.179659
0.056103  0.187584
0.057161  0.185219
0.058220  0.192476
0.059278  0.184912
0.060337  0.206199
0.061396  0.200646
0.062454  0.197111
0.063513  0.202798
0.064571  0.207736
0.065630  0.205533
0.066688  0.214686
0.067747  0.209166
0.068806  0.222955
0.069864  0.214189
0.070923  0.218464
0.071981  0.215575
0.073040  0.224969
0.074098  0.219265
0.075157  0.235430
0.076215  0.227129
0.077274  0.235799
0.078332  0.237684
0.079391  0.243355
0.080449  0.232359
0.081508  0.248696
0.082567  0.246028
0.083625  0.250068
0.084684  0.247029
0.085742  0.264503
0.086801  0.254528
0.087859  0.263154
0.088918  0.246693
0.089976  0.269124
0.091035  0.260228
0.092093  0.270608
0.093152  0.273404
0.094210  0.277781
0.095269  0.271572
0.096327  0.277628
0.097386  0.278299
0.098445  0.273303
0.099503  0.267519
0.100562  0.282165
0.101620  0.272574
0.102679  0.280790
0.103738  0.285990
0.104796  0.286531
0.105854  0.288917
0.106913  0.275123
0.107971  0.285758
0.109030  0.290242
0.110088  0.287978
0.111147  0.292720
0.112205  0.296592
0.113264  0.279583
0.114323  0.293543
0.115381  0.295803
0.116440  0.281705
0.117498  0.296529
0.118557  0.307770
0.119616  0.303307
0.120674  0.300747
0.121733  0.306554
0.122791  0.297927
0.123850  0.309632
0.124908  0.307572
0.125967  0.310474
0.127025  0.305668
0.128084  0.314271
0.129142  0.309197
0.130201  0.319308
0.131259  0.309970
0.132318  0.309658
0.133377  0.314122
0.134435  0.316988
0.135494  0.317376
0.136552  0.331620
0.137611  0.310411
0.138669  0.345308
0.139728  0.319880
0.140786  0.327203
0.141845  0.318047
0.142903  0.338232
0.143962  0.333251
0.145020  0.326225
0.146079  0.322296
0.147137  0.333486
0.148196  0.330863
0.149255  0.348152
0.150313  0.335684
0.151372  0.345913
0.152430  0.337556
0.153489  0.344126
0.154548  0.322586
0.155606  0.344327
0.156665  0.325381
0.157723  0.352650
0.158782  0.348266
0.159840  0.340815
0.160898  0.358923
0.161957  0.354694
0.163015  0.352817
0.164074  0.353371
0.165133  0.357868
0.166191  0.348492
0.167250  0.336627
0.168308  0.359318
0.169367  0.370426
0.170426  0.366380
0.171484  0.355884
0.172543  0.348887
0.173601  0.359956
0.174660  0.376741
0.175718  0.362642
0.176777  0.355650
0.177835  0.358278
0.178894  0.367104
0.179952  0.373035
0.181011  0.385069
0.182069  0.350867
0.183128  0.377169
0.184187  0.376873
0.185245  0.381466
0.186304  0.348811
0.187362  0.383586
0.188421  0.368545
0.189479  0.376773
0.190538  0.373642
0.191596  0.395471
0.192655  0.384436
0.193713  0.395325
0.194772  0.383990
0.195830  0.387954
0.196889  0.390442
0.197947  0.385129
0.199006  0.375995
0.200065  0.383059
0.201123  0.380360
0.202182  0.398846
0.203240  0.376775
0.204299  0.388332
0.205358  0.369143
0.206416  0.378082
0.207475  0.380826
0.208533  0.385922
0.209592  0.398235
0.210650  0.401598
0.211709  0.398808
0.212767  0.384298
0.213826  0.393083
0.214884  0.399190
0.215943  0.413124
0.217001  0.399513
0.218060  0.409227
0.219118  0.399495
0.220177  0.387522
0.221236  0.390720
0.222294  0.384783
0.223353  0.386116
0.224411  0.371872
0.225470  0.434059
0.226528  0.400402
0.227587  0.384710
0.228645  0.398505
0.229704  0.408304
0.230762  0.406378
0.231821  0.401004
0.232879  0.411745
0.233938  0.396385
0.234996  0.395681
0.236055  0.394954
0.237114  0.408825
0.238172  0.389488
0.239231  0.394003
0.240289  0.398450
0.241348  0.390850
0.242407  0.405869
0.243465  0.410137
0.244523  0.406791
0.245582  0.384082
0.246640  0.413904
0.247699  0.438215
0.248757  0.384997
0.249816  0.386128
0.250875  0.383178
0.251933  0.408191
0.252992  0.416654
0.254050  0.438348
0.255109  0.421355
0.256168  0.457688
0.257226  0.471220
0.258285  0.360421
0.259343  0.327164
0.260402  0.421981
0.261460  0.438714
0.262519  0.441156
0.263577  0.368850
0.264636  0.441512
0.265694  0.444439
0.266753  0.433329
0.267811  0.425330
0.268870  0.368189
0.269928  0.413663
0.270987  0.381476
0.272046  0.453665
0.273104  0.366024
0.274163  0.391330
0.275221  0.391221
0.276280  0.377301
0.277338  0.392104
0.278397  0.379520
0.279455  0.427835
0.280514  0.401705
0.281572  0.422879
0.282631  0.357994
0.283689  0.449282
0.284748  0.370752
0.285806  0.414286
0.286865  0.405323
0.287923  0.444988
0.290654  0.447626
0.293503  0.446632
0.296353  0.453457
0.299198  0.450316
0.302048  0.450033
0.304898  0.452079
0.307748  0.456681
0.310593  0.453210
0.313443  0.457422
0.316293  0.457506
0.319143  0.462279
0.321992  0.456920
0.324838  0.463876
0.327687  0.463513
0.330537  0.462303
0.333387  0.464738
0.336232  0.475623
0.339082  0.474564
0.341932  0.495947
0.344782  0.502269
0.347632  0.497578
0.350477  0.500514
0.353327  0.490417
0.356176  0.487973
0.359026  0.482732
0.361871  0.476925
0.364721  0.473760
0.367571  0.478172
0.370421  0.472424
0.373271  0.471570
0.376116  0.477443
0.378966  0.472915
0.381816  0.475390
0.384665  0.473736
0.387510  0.475935
0.390360  0.472971
0.393210  0.478988
0.396060  0.483183
0.398910  0.479382
0.401755  0.482001
0.404605  0.487475
0.407455  0.482207
0.410305  0.481109
0.413150  0.481099
0.415999  0.485351
0.418849  0.486829
0.421699  0.486482
0.424544  0.484396
0.427394  0.484207
0.430244  0.486645
0.433094  0.484959
0.435944  0.491249
0.438789  0.491679
0.441639  0.490237
0.444488  0.503194
0.447338  0.506456
0.450183  0.512803
0.453033  0.532390
0.455883  0.552377
0.458733  0.551938
0.461583  0.550512
0.464428  0.540006
0.467278  0.542630
0.470128  0.527581
0.472977  0.498167
0.475823  0.528411
0.478672  0.532909
0.481522  0.521865
0.484372  0.530266
0.487222  0.518164
0.490067  0.526599
0.492917  0.541849
0.495767  0.516011
0.498617  0.518431
0.501462  0.505867
0.504312  0.507545
0.507161  0.514643
0.510011  0.506870
0.512856  0.499083
0.515706  0.502596
0.518556  0.497766
0.521406  0.497238
0.524256  0.495012
0.527101  0.495146
0.529951  0.490898
0.532801  0.491566
0.535650  0.494592
0.538495  0.490181
0.541345  0.492119
0.544195  0.490055
0.547045  0.488692
0.549895  0.496321
0.552740  0.492494
0.555590  0.491796
0.558440  0.495911
0.561290  0.491955
0.564135  0.493274
0.566984  0.493218
0.569834  0.497604
0.572684  0.497350
0.575534  0.493330
0.578379  0.496746
0.581229  0.498147
0.584079  0.497519
0.586929  0.495651
0.589774  0.493370
0.592624  0.496834
0.595473  0.495585
0.598323  0.491339
0.601168  0.487438
0.604018  0.479544
0.606868  0.481934
0.609718  0.484725
0.612568  0.482995
0.615413  0.485871
0.618263  0.491093
0.621113  0.489250
0.623962  0.492077
0.626808  0.492617
0.629657  0.495199
0.632507  0.495427
0.635357  0.492019
0.638207  0.489429
0.641052  0.493767
0.643902  0.496080
0.646752  0.493134
0.649602  0.496980
0.652447  0.500126
0.655297  0.491668
0.658146  0.497087
0.660996  0.502965
0.663846  0.494307
0.666691  0.492156
0.669541  0.496109
0.672391  0.488955
0.675241  0.488201
0.678086  0.483800
0.680936  0.485618
0.683786  0.480060
0.686635  0.491229
0.689485  0.492118
0.692330  0.507826
0.695180  0.489881
0.698030  0.513516
0.700880  0.494413
0.703725  0.501059
0.706575  0.499044
0.709425  0.497487
0.712275  0.489268
0.715120  0.476090
0.717969  0.461867
0.720819  0.448079
0.723669  0.470937
0.726519  0.473137
0.729364  0.472477
0.732214  0.474289
0.735064  0.472714
0.737914  0.462968
0.740759  0.463195
0.743609  0.474634
0.746458  0.470895
0.749308  0.479496
0.752158  0.474781
0.755003  0.483457
0.757853  0.485184
0.760703  0.488168
0.763553  0.499152
0.766398  0.490039
0.769248  0.485885
0.772098  0.482509
0.774947  0.487826
0.777797  0.483162
0.780642  0.486841
0.783492  0.483172
0.786342  0.482685
0.789192  0.479610
0.792037  0.480999
0.794887  0.478642
0.797737  0.483841
0.800587  0.471729
0.803432  0.476275
0.806282  0.470849
0.809131  0.481619
0.811981  0.472046
0.814831  0.470379
0.817676  0.463349
0.820526  0.448300
0.823376  0.434229
0.826226  0.432769
0.829071  0.427063
0.831921  0.442788
0.834771  0.439957
0.837620  0.442702
0.840470  0.445078
0.843315  0.453086
0.846165  0.446140
0.849015  0.440460
0.851865  0.442990
0.854710  0.443687
0.857560  0.442631
0.860410  0.442676
0.863260  0.442981
0.866109  0.443188
0.868954  0.430424
0.871804  0.404496
0.874654  0.390006
0.877504  0.353882
0.880349  0.331255
0.883199  0.312500
0.886049  0.301268
0.888899  0.296900
0.891749  0.306296
0.894594  0.316191
0.897443  0.315635
0.900293  0.310073
0.903143  0.303928
0.905988  0.295129
0.908838  0.292785
0.911688  0.296430
0.914538  0.307133
0.917383  0.299537
0.920233  0.299137
0.923083  0.289988
0.925932  0.284470
0.928782  0.293622
0.931627  0.289504
0.934477  0.288734
0.937327  0.294860
0.940177  0.295793
0.943022  0.297930
0.945872  0.292284
0.948722  0.288197
0.951572  0.291727
0.954421  0.278366
0.957267  0.282944
0.960116  0.274088
0.962966  0.276798
0.965816  0.265508
0.968661  0.269695
0.971511  0.241724
0.974361  0.231123
0.977211  0.235307
0.980061  0.231061
0.982906  0.246880
0.985756  0.259872
0.988605  0.259605
0.991455  0.281978
0.994300  0.260315
0.997150  0.270259
1.000000  0.270668
