0.000000  0.085878
0.001059  0.197592
0.002117  0.130221
0.003176  0.176332
0.004234  0.158667
0.005293  0.167753
0.006351  0.131486
0.007410  0.133969
0.008468  0.138287
0.009527  0.145475
0.010586  0.135371
0.011644  0.148775
0.012703  0.149226
0.013761  0.154095
0.014820  0.136653
0.015879  0.155740
0.016937  0.149536
0.017996  0.162224
0.019054  0.141505
0.020113  0.156274
0.021171  0.158066
0.022229  0.176163
0.023288  0.168750
0.024346  0.168071
0.025405  0.166932
0.026464  0.186645
0.027522  0.179100
0.028581  0.175253
0.029639  0.178275
0.030698  0.175619
0.031757  0.183110
0.032815  0.184211
0.033874  0.182248
0.034932  0.192914
0.035991  0.182000
0.037049  0.191884
0.038108  0.182257
0.039166  0.195834
0.040225  0.181889
0.041283  0.200099
0.042342  0.194913
0.043400  0.189217
0.044459  0.194149
0.045517  0.208064
0.046576  0.207172
0.047635  0.210340
0.048693  0.204039
0.049752  0.216273
0.050810  0.212966
0.051869  0.220987
0.052927  0.222023
0.053986  0.225639
0.055044  0.227232
0.056103  0.224131
0.057161  0.223652
0.058220  0.232535
0.059278  0.235358
0.060337  0.235513
0.061396  0.236437
0.062454  0.245608
0.063513  0.243962
0.064571  0.241953
0.065630  0.248410
0.066688  0.257533
0.067747  0.257394
0.068806  0.260535
0.069864  0.261386
0.070923  0.273518
0.071981  0.268671
0.073040  0.279355
0.074098  0.270425
0.075157  0.281568
0.076215  0.284672
0.077274  0.273835
0.078332  0.270131
0.079391  0.295341
0.080449  0.292277
0.081508  0.298164
0.082567  0.291708
0.083625  0.293162
0.084684  0.301552
0.085742  0.299113
0.086801  0.292817
0.087859  0.311592
0.088918  0.302121
0.089976  0.312786
0.091035  0.309407
0.092093  0.320175
0.093152  0.315410
0.094210  0.327817
0.095269  0.316478
0.096327  0.330249
0.097386  0.324734
0.098445  0.318954
0.099503  0.319114
0.100562  0.347729
0.101620  0.324867
0.102679  0.338264
0.103738  0.332770
0.104796  0.334007
0.105854  0.322393
0.106913  0.339450
0.107971  0.345872
0.109030  0.331399
0.110088  0.342490
0.111147  0.329263
0.112205  0.334142
0.113264  0.339266
0.114323  0.343097
0.115381  0.332447
0.116440  0.340871
0.117498  0.347140
0.118557  0.350811
0.119616  0.347000
0.120674  0.343214
0.121733  0.342638
0.122791  0.358698
0.123850  0.369852
0.124908  0.353348
0.125967  0.347111
0.127025  0.353421
0.128084  0.365716
0.129142  0.364766
0.130201  0.362941
0.131259  0.355595
0.132318  0.359419
0.133377  0.373395
0.134435  0.366325
0.135494  0.360027
0.136552  0.365230
0.137611  0.355308
0.138669  0.362336
0.139728  0.342244
0.140786  0.365625
0.141845  0.389773
0.142903  0.354499
0.143962  0.359698
0.145020  0.376827
0.146079  0.373641
0.147137  0.370716
0.148196  0.371733
0.149255  0.386310
0.150313  0.377446
0.151372  0.368865
0.152430  0.386654
0.153489  0.381190
0.154548  0.382405
0.155606  0.383737
0.156665  0.390785
0.157723  0.394409
0.158782  0.398796
0.159840  0.393528
0.160898  0.379576
0.161957  0.396358
0.163015  0.375691
0.164074  0.395434
0.165133  0.384848
0.166191  0.399770
0.167250  0.391160
0.168308  0.402002
0.169367  0.386634
0.170426  0.410192
0.171484  0.408883
0.172543  0.405082
0.173601  0.407767
0.174660  0.410622
0.175718  0.406513
0.176777  0.411812
0.177835  0.405722
0.178894  0.419626
0.179952  0.407519
0.181011  0.403794
0.182069  0.413374
0.183128  0.420703
0.184187  0.412467
0.185245  0.411922
0.186304  0.414432
0.187362  0.435186
0.188421  0.406568
0.189479  0.403568
0.190538  0.416065
0.191596  0.419096
0.192655  0.431378
0.193713  0.430422
0.194772  0.406224
0.195830  0.426203
0.196889  0.413533
0.197947  0.403998
0.199006  0.417652
0.200065  0.427820
0.201123  0.424603
0.202182  0.444701
0.203240  0.420855
0.204299  0.438568
0.205358  0.427742
0.206416  0.437474
0.207475  0.432243
0.208533  0.437653
0.209592  0.412836
0.210650  0.438174
0.211709  0.432063
0.212767  0.426378
0.213826  0.423236
0.214884  0.423866
0.215943  0.398721
0.217001  0.443775
0.218060  0.433855
0.219118  0.427538
0.220177  0.417687
0.221236  0.430834
0.222294  0.447037
0.223353  0.438678
0.224411  0.439261
0.225470  0.435913
0.226528  0.428665
0.227587  0.451714
0.228645  0.425642
0.229704  0.430153
0.230762  0.436700
0.231821  0.442665
0.232879  0.437648
0.233938  0.403018
0.234996  0.430321
0.236055  0.414556
0.237114  0.441619
0.238172  0.401469
0.239231  0.439804
0.240289  0.396421
0.241348  0.408073
0.242407  0.417468
0.243465  0.390487
0.244523  0.414028
0.245582  0.418306
0.246640  0.423683
0.247699  0.439764
0.248757  0.422450
0.249816  0.433598
0.250875  0.409428
0.251933  0.426714
0.252992  0.438680
0.254050  0.436147
0.255109  0.460693
0.256168  0.470047
0.257226  0.400156
0.258285  0.451439
0.259343  0.448688
0.260402  0.400947
0.261460  0.477822
0.262519  0.438440
0.263577  0.417549
0.264636  0.468507
0.265694  0.422838
0.266753  0.425545
0.267811  0.449164
0.268870  0.398225
0.269928  0.441109
0.270987  0.409668
0.272046  0.466363
0.273104  0.424600
0.274163  0.450856
0.275221  0.436871
0.276280  0.468322
0.277338  0.415253
0.278397  0.368986
0.279455  0.444978
0.280514  0.486518
0.281572  0.424554
0.282631  0.473446
0.283689  0.399899
0.284748  0.450189
0.285806  0.426295
0.286865  0.445471
0.287923  0.411449
0.290654  0.493536
0.293503  0.493348
0.296353  0.494593
0.299198  0.495431
0.302048  0.494852
0.304898  0.494165
0.307748  0.494762
0.310593  0.499975
0.313443  0.496669
0.316293  0.495785
0.319143  0.500479
0.321992  0.496433
0.324838  0.499720
0.327687  0.502050
0.330537  0.501481
0.333387  0.506188
0.336232  0.503611
0.339082  0.508478
0.341932  0.513750
0.344782  0.516840
0.347632  0.516617
0.350477  0.516608
0.353327  0.508116
0.356176  0.507547
0.359026  0.517022
0.361871  0.504983
0.364721  0.512106
0.367571  0.503476
0.370421  0.508198
0.373271  0.506186
0.376116  0.509075
0.378966  0.511962
0.381816  0.508498
0.384665  0.512422
0.387510  0.511961
0.390360  0.517278
0.393210  0.511809
0.396060  0.516856
0.398910  0.511518
0.401755  0.514908
0.404605  0.508532
0.407455  0.516921
0.410305  0.511605
0.413150  0.514833
0.415999  0.513786
0.418849  0.517770
0.421699  0.518293
0.424544  0.516109
0.427394  0.518287
0.430244  0.522946
0.433094  0.516405
0.435944  0.519662
0.438789  0.526816
0.441639  0.520209
0.444488  0.524032
0.447338  0.518907
0.450183  0.527850
0.453033  0.523533
0.455883  0.542363
0.458733  0.531887
0.461583  0.537441
0.464428  0.520760
0.467278  0.531172
0.470128  0.520890
0.472977  0.517660
0.475823  0.516077
0.478672  0.511616
0.481522  0.519800
0.484372  0.515757
0.487222  0.517471
0.490067  0.519017
0.492917  0.523161
0.495767  0.516089
0.498617  0.513318
0.501462  0.516347
0.504312  0.515432
0.507161  0.515534
0.510011  0.512241
0.512856  0.518087
0.515706  0.511847
0.518556  0.511932
0.521406  0.511640
0.524256  0.508750
0.527101  0.509314
0.529951  0.510740
0.532801  0.514236
0.535650  0.508913
0.538495  0.517544
0.541345  0.514427
0.544195  0.514127
0.547045  0.509945
0.549895  0.514167
0.552740  0.515190
0.555590  0.515333
0.558440  0.514012
0.561290  0.514690
0.564135  0.512860
0.566984  0.518648
0.569834  0.518881
0.572684  0.514249
0.575534  0.517441
0.578379  0.519828
0.581229  0.519683
0.584079  0.519890
0.586929  0.516780
0.589774  0.519160
0.592624  0.519474
0.595473  0.515441
0.598323  0.515498
0.601168  0.512932
0.604018  0.502247
0.606868  0.498864
0.609718  0.505386
0.612568  0.509728
0.615413  0.512113
0.618263  0.510361
0.621113  0.509438
0.623962  0.519543
0.626808  0.508498
0.629657  0.516227
0.632507  0.514000
0.635357  0.507277
0.638207  0.506835
0.641052  0.000000
0.643902  0.507203
0.646752  0.517871
0.649602  0.515716
0.652447  0.511881
0.655297  0.515000
0.658146  0.512640
0.660996  0.511185
0.663846  0.506910
0.666691  0.485431
0.669541  0.483499
0.672391  0.473582
0.675241  0.481533
0.678086  0.479644
0.680936  0.476713
0.683786  0.462332
0.686635  0.486472
0.689485  0.481169
0.692330  0.472744
0.695180  0.488934
0.698030  0.492514
0.700880  0.498075
0.703725  0.478830
0.706575  0.480154
0.709425  0.475497
0.712275  0.489929
0.715120  0.464351
0.717969  0.462164
0.720819  0.452944
0.723669  0.464304
0.726519  0.472893
0.729364  0.460362
0.732214  0.470478
0.735064  0.467382
0.737914  0.463969
0.740759  0.465008
0.743609  0.456304
0.746458  0.476950
0.749308  0.480182
0.752158  0.487762
0.755003  0.489455
0.757853  0.492098
0.760703  0.488889
0.763553  0.492114
0.766398  0.489298
0.769248  0.491270
0.772098  0.486683
0.774947  0.499087
0.777797  0.499408
0.780642  0.495510
0.783492  0.490354
0.786342  0.487663
0.789192  0.498603
0.792037  0.492830
0.794887  0.490957
0.797737  0.491468
0.800587  0.483507
0.803432  0.483709
0.806282  0.479917
0.809131  0.477643
0.811981  0.486723
0.814831  0.473698
0.817676  0.470606
0.820526  0.460072
0.823376  0.445803
0.826226  0.443000
0.829071  0.437966
0.831921  0.440416
0.834771  0.446007
0.837620  0.436206
0.840470  0.444842
0.843315  0.460092
0.846165  0.448065
0.849015  0.453509
0.851865  0.443186
0.854710  0.445197
0.857560  0.445349
0.860410  0.451960
0.863260  0.445715
0.866109  0.432732
0.868954  0.427049
0.871804  0.402843
0.874654  0.389402
0.877504  0.358868
0.880349  0.334596
0.883199  0.311305
0.886049  0.298169
0.888899  0.298099
0.891749  0.300871
0.894594  0.319891
0.897443  0.322505
0.900293  0.309378
0.903143  0.301342
0.905988  0.293665
0.908838  0.293948
0.911688  0.292934
0.914538  0.296286
0.917383  0.295090
0.920233  0.289818
0.923083  0.292092
0.925932  0.279607
0.928782  0.285907
0.931627  0.288828
0.934477  0.289113
0.937327  0.290305
0.940177  0.285000
0.943022  0.298143
0.945872  0.288819
0.948722  0.281162
0.951572  0.291997
0.954421  0.278002
0.957267  0.279232
0.960116  0.272338
0.962966  0.277466
0.965816  0.273030
0.968661  0.263221
0.971511  0.236202
0.974361  0.229893
0.977211  0.220092
0.980061  0.225173
0.982906  0.244935
0.985756  0.248681
0.988605  0.257681
0.991455  0.266932
0.994300  0.260188
0.997150  0.269976
1.000000  0.272348
