0.000000  0.112913
0.001059  0.185301
0.002117  0.166619
0.003176  0.133523
0.004234  0.144437
0.005293  0.136146
0.006351  0.136577
0.007410  0.157630
0.008468  0.152415
0.009527  0.142504
0.010586  0.135728
0.011644  0.137701
0.012703  0.160541
0.013761  0.142999
0.014820  0.129045
0.015879  0.138086
0.016937  0.128813
0.017996  0.162755
0.019054  0.146553
0.020113  0.154731
0.021171  0.162911
0.022229  0.163715
0.023288  0.153640
0.024346  0.163582
0.025405  0.158485
0.026464  0.170309
0.027522  0.167691
0.028581  0.168719
0.029639  0.175394
0.030698  0.168836
0.031757  0.165818
0.032815  0.178634
0.033874  0.173214
0.034932  0.171808
0.035991  0.177438
0.037049  0.181719
0.038108  0.181513
0.039166  0.184568
0.040225  0.185934
0.041283  0.197962
0.042342  0.191680
0.043400  0.195014
0.044459  0.194788
0.045517  0.191718
0.046576  0.200855
0.047635  0.208007
0.048693  0.204216
0.049752  0.212086
0.050810  0.197015
0.051869  0.210029
0.052927  0.198596
0.053986  0.215372
0.055044  0.208058
0.056103  0.219933
0.057161  0.211662
0.058220  0.224356
0.059278  0.223112
0.060337  0.232560
0.061396  0.228533
0.062454  0.240432
0.063513  0.237541
0.064571  0.243374
0.065630  0.236393
0.066688  0.244305
0.067747  0.233479
0.068806  0.254674
0.069864  0.245232
0.070923  0.259211
0.071981  0.258894
0.073040  0.251898
0.074098  0.255372
0.075157  0.267039
0.076215  0.267068
0.077274  0.272811
0.078332  0.262624
0.079391  0.273945
0.080449  0.281937
0.081508  0.285686
0.082567  0.281665
0.083625  0.269988
0.084684  0.284188
0.085742  0.295078
0.086801  0.291257
0.087859  0.295308
0.088918  0.298850
0.089976  0.295982
0.091035  0.290126
0.092093  0.319478
0.093152  0.300505
0.094210  0.316021
0.095269  0.300365
0.096327  0.311607
0.097386  0.308979
0.098445  0.299786
0.099503  0.311302
0.100562  0.307439
0.101620  0.314990
0.102679  0.302229
0.103738  0.322452
0.104796  0.316309
0.105854  0.322583
0.106913  0.318717
0.107971  0.321565
0.109030  0.338053
0.110088  0.316577
0.111147  0.324707
0.112205  0.316456
0.113264  0.331792
0.114323  0.322799
0.115381  0.322898
0.116440  0.319004
0.117498  0.327857
0.118557  0.326255
0.119616  0.335752
0.120674  0.329871
0.121733  0.332250
0.122791  0.334360
0.123850  0.327032
0.124908  0.333911
0.125967  0.342188
0.127025  0.349751
0.128084  0.339612
0.129142  0.340284
0.130201  0.337902
0.131259  0.339500
0.132318  0.349563
0.133377  0.348078
0.134435  0.344048
0.135494  0.351016
0.136552  0.348615
0.137611  0.354715
0.138669  0.345620
0.139728  0.353129
0.140786  0.362698
0.141845  0.346406
0.142903  0.350427
0.143962  0.354364
0.145020  0.360263
0.146079  0.369649
0.147137  0.365606
0.148196  0.361014
0.149255  0.370572
0.150313  0.364641
0.151372  0.352435
0.152430  0.376600
0.153489  0.375006
0.154548  0.362221
0.155606  0.366829
0.156665  0.374012
0.157723  0.374049
0.158782  0.371489
0.159840  0.372417
0.160898  0.383330
0.161957  0.368455
0.163015  0.362591
0.164074  0.383638
0.165133  0.380151
0.166191  0.380448
0.167250  0.379530
0.168308  0.380008
0.169367  0.375979
0.170426  0.393435
0.171484  0.383056
0.172543  0.385825
0.173601  0.381130
0.174660  0.389115
0.175718  0.382136
0.176777  0.403493
0.177835  0.401079
0.178894  0.399952
0.179952  0.402240
0.181011  0.388587
0.182069  0.407375
0.183128  0.402267
0.184187  0.389578
0.185245  0.383867
0.186304  0.422238
0.187362  0.405688
0.188421  0.387400
0.189479  0.404434
0.190538  0.393449
0.191596  0.426098
0.192655  0.405806
0.193713  0.410248
0.194772  0.390526
0.195830  0.409338
0.196889  0.423259
0.197947  0.417153
0.199006  0.422691
0.200065  0.427426
0.201123  0.420462
0.202182  0.431152
0.203240  0.414426
0.204299  0.420616
0.205358  0.435248
0.206416  0.433622
0.207475  0.420819
0.208533  0.429285
0.209592  0.426432
0.210650  0.417401
0.211709  0.429408
0.212767  0.425897
0.213826  0.427606
0.214884  0.418183
0.215943  0.407659
0.217001  0.430243
0.218060  0.438509
0.219118  0.434231
0.220177  0.438046
0.221236  0.415801
0.222294  0.453656
0.223353  0.420660
0.224411  0.404627
0.225470  0.428100
0.226528  0.431281
0.227587  0.443849
0.228645  0.419636
0.229704  0.417662
0.230762  0.433322
0.231821  0.420075
0.232879  0.424437
0.233938  0.433809
0.234996  0.407528
0.236055  0.426952
0.237114  0.430312
0.238172  0.405246
0.239231  0.425017
0.240289  0.416640
0.241348  0.423966
0.242407  0.404257
0.243465  0.440513
0.244523  0.420035
0.245582  0.410074
0.246640  0.432310
0.247699  0.397151
0.248757  0.422173
0.249816  0.419802
0.250875  0.418197
0.251933  0.419580
0.252992  0.419509
0.254050  0.438365
0.255109  0.412951
0.256168  0.507265
0.257226  0.407137
0.258285  0.463960
0.259343  0.394761
0.260402  0.392395
0.261460  0.435556
0.262519  0.461223
0.263577  0.407929
0.264636  0.404978
0.265694  0.441557
0.266753  0.493787
0.267811  0.386348
0.268870  0.469505
0.269928  0.428161
0.270987  0.437387
0.272046  0.414899
0.273104  0.413549
0.274163  0.414111
0.275221  0.460414
0.276280  0.416897
0.277338  0.439943
0.278397  0.403371
0.279455  0.455194
0.280514  0.447727
0.281572  0.415613
0.282631  0.467474
0.283689  0.461095
0.284748  0.418098
0.285806  0.402841
0.286865  0.459857
0.287923  0.454719
0.290654  0.483798
0.293503  0.487680
0.296353  0.489158
0.299198  0.487744
0.302048  0.486190
0.304898  0.491299
0.307748  0.492509
0.310593  0.492304
0.313443  0.493380
0.316293  0.493599
0.319143  0.493054
0.321992  0.494190
0.324838  0.497419
0.327687  0.497909
0.330537  0.496681
0.333387  0.497034
0.336232  0.502578
0.339082  0.505422
0.341932  0.523125
0.344782  0.535298
0.347632  0.530152
0.350477  0.525719
0.353327  0.515370
0.356176  0.529013
0.359026  0.511388
0.361871  0.516339
0.364721  0.507727
0.367571  0.504338
0.370421  0.505108
0.373271  0.501118
0.376116  0.509626
0.378966  0.506620
0.381816  0.507783
0.384665  0.508104
0.387510  0.500987
0.390360  0.510057
0.393210  0.510532
0.396060  0.510753
0.398910  0.512865
0.401755  0.510063
0.404605  0.508626
0.407455  0.507863
0.410305  0.514361
0.413150  0.512422
0.415999  0.513077
0.418849  0.512809
0.421699  0.516274
0.424544  0.513779
0.427394  0.510061
0.430244  0.515417
0.433094  0.519815
0.435944  0.520950
0.438789  0.519980
0.441639  0.525667
0.444488  0.528826
0.447338  0.527867
0.450183  0.530708
0.453033  0.549026
0.455883  0.552226
0.458733  0.556368
0.461583  0.567357
0.464428  0.558187
0.467278  0.553205
0.470128  0.565946
0.472977  0.559174
0.475823  0.562765
0.478672  0.548666
0.481522  0.548835
0.484372  0.541733
0.487222  0.545380
0.490067  0.538765
0.492917  0.537867
0.495767  0.542878
0.498617  0.536371
0.501462  0.531476
0.504312  0.528460
0.507161  0.522628
0.510011  0.534234
0.512856  0.537935
0.515706  0.526568
0.518556  0.526109
0.521406  0.526059
0.524256  0.523340
0.527101  0.521775
0.529951  0.520661
0.532801  0.522752
0.535650  0.520014
0.538495  0.515944
0.541345  0.522361
0.544195  0.518383
0.547045  0.517096
0.549895  0.515715
0.552740  0.523899
0.555590  0.520262
0.558440  0.517585
0.561290  0.521638
0.564135  0.525308
0.566984  0.522314
0.569834  0.525932
0.572684  0.522931
0.575534  0.519096
0.578379  0.520836
0.581229  0.524147
0.584079  0.521544
0.586929  0.525593
0.589774  0.514757
0.592624  0.525946
0.595473  0.524899
0.598323  0.516171
0.601168  0.516195
0.604018  0.510234
0.606868  0.508006
0.609718  0.504789
0.612568  0.507804
0.615413  0.512496
0.618263  0.521145
0.621113  0.517321
0.623962  0.517908
0.626808  0.521257
0.629657  0.523235
0.632507  0.524220
0.635357  0.518262
0.638207  0.520704
0.641052  0.520210
0.643902  0.516633
0.646752  0.519133
0.649602  0.519120
0.652447  0.522894
0.655297  0.517460
0.658146  0.518145
0.660996  0.519705
0.663846  0.518077
0.666691  0.514285
0.669541  0.511917
0.672391  0.504377
0.675241  0.502450
0.678086  0.510540
0.680936  0.520239
0.683786  0.520150
0.686635  0.514390
0.689485  0.513306
0.692330  0.519775
0.695180  0.514055
0.698030  0.518443
0.700880  0.525981
0.703725  0.511710
0.706575  0.504338
0.709425  0.526580
0.712275  0.497852
0.715120  0.508580
0.717969  0.508207
0.720819  0.486641
0.723669  0.495480
0.726519  0.489168
0.729364  0.500769
0.732214  0.498687
0.735064  0.493144
0.737914  0.494255
0.740759  0.509047
0.743609  0.500391
0.746458  0.495360
0.749308  0.504360
0.752158  0.511646
0.755003  0.506456
0.757853  0.503446
0.760703  0.502506
0.763553  0.506042
0.766398  0.507358
0.769248  0.511542
0.772098  0.515685
0.774947  0.523297
0.777797  0.517718
0.780642  0.509009
0.783492  0.510343
0.786342  0.510305
0.789192  0.513179
0.792037  0.511820
0.794887  0.512805
0.797737  0.514177
0.800587  0.502515
0.803432  0.504217
0.806282  0.504776
0.809131  0.507737
0.811981  0.510270
0.814831  0.501803
0.817676  0.490358
0.820526  0.475456
0.823376  0.465667
0.826226  0.467852
0.829071  0.456680
0.831921  0.469121
0.834771  0.468005
0.837620  0.468648
0.840470  0.469330
0.843315  0.479374
0.846165  0.469391
0.849015  0.464126
0.851865  0.467454
0.854710  0.469322
0.857560  0.474648
0.860410  0.465416
0.863260  0.468996
0.866109  0.463814
0.868954  0.441119
0.871804  0.432226
0.874654  0.401267
0.877504  0.377385
0.880349  0.352171
0.883199  0.326081
0.886049  0.317025
0.888899  0.319711
0.891749  0.318096
0.894594  0.332491
0.897443  0.332625
0.900293  0.332363
0.903143  0.319666
0.905988  0.313466
0.908838  0.315524
0.911688  0.315773
0.914538  0.316476
0.917383  0.316465
0.920233  0.312790
0.923083  0.312046
0.925932  0.302332
0.928782  0.306035
0.931627  0.309867
0.934477  0.314453
0.937327  0.314549
0.940177  0.311632
0.943022  0.316799
0.945872  0.312645
0.948722  0.300231
0.951572  0.301261
0.954421  0.293942
0.957267  0.303800
0.960116  0.295742
0.962966  0.302273
0.965816  0.290892
0.968661  0.289788
0.971511  0.260976
0.974361  0.252247
0.977211  0.237271
0.980061  0.238968
0.982906  0.255345
0.985756  0.268216
0.988605  0.286796
0.991455  0.270430
0.994300  0.282727
0.997150  0.268067
1.000000  0.280441
