0.000000  0.140493
0.001059  0.122808
0.002117  0.129693
0.003176  0.170553
0.004234  0.170438
0.005293  0.174941
0.006351  0.172537
0.007410  0.141083
0.008468  0.142053
0.009527  0.145725
0.010586  0.140013
0.011644  0.131529
0.012703  0.131035
0.013761  0.158614
0.014820  0.147204
0.015879  0.145344
0.016937  0.137807
0.017996  0.160005
0.019054  0.143999
0.020113  0.143884
0.021171  0.147138
0.022229  0.159734
0.023288  0.170890
0.024346  0.166831
0.025405  0.158222
0.026464  0.171199
0.027522  0.170637
0.028581  0.182372
0.029639  0.175158
0.030698  0.179458
0.031757  0.169519
0.032815  0.185971
0.033874  0.174043
0.034932  0.175590
0.035991  0.179751
0.037049  0.191144
0.038108  0.178363
0.039166  0.180100
0.040225  0.185315
0.041283  0.174509
0.042342  0.182913
0.043400  0.189181
0.044459  0.190981
0.045517  0.191886
0.046576  0.190436
0.047635  0.191067
0.048693  0.205551
0.049752  0.199696
0.050810  0.199188
0.051869  0.206377
0.052927  0.205294
0.053986  0.212009
0.055044  0.211699
0.056103  0.223414
0.057161  0.219258
0.058220  0.230779
0.059278  0.217742
0.060337  0.226371
0.061396  0.220531
0.062454  0.224048
0.063513  0.225272
0.064571  0.226848
0.065630  0.227994
0.066688  0.238568
0.067747  0.231484
0.068806  0.245506
0.069864  0.245131
0.070923  0.239791
0.071981  0.241192
0.073040  0.253066
0.074098  0.248319
0.075157  0.258831
0.076215  0.253636
0.077274  0.257949
0.078332  0.262341
0.079391  0.256440
0.080449  0.271747
0.081508  0.268175
0.082567  0.261296
0.083625  0.271014
0.084684  0.279032
0.085742  0.285920
0.086801  0.269870
0.087859  0.294069
0.088918  0.281286
0.089976  0.277227
0.091035  0.286515
0.092093  0.291897
0.093152  0.289401
0.094210  0.297599
0.095269  0.308539
0.096327  0.299651
0.097386  0.294560
0.098445  0.309676
0.099503  0.293323
0.100562  0.293188
0.101620  0.303001
0.102679  0.306452
0.103738  0.305582
0.104796  0.313335
0.105854  0.305312
0.106913  0.302678
0.107971  0.299964
0.109030  0.313844
0.110088  0.319714
0.111147  0.317359
0.112205  0.313376
0.113264  0.320639
0.114323  0.306896
0.115381  0.315883
0.116440  0.331492
0.117498  0.325828
0.118557  0.317906
0.119616  0.319966
0.120674  0.321283
0.121733  0.312134
0.122791  0.331212
0.123850  0.324498
0.124908  0.321619
0.125967  0.323433
0.127025  0.313657
0.128084  0.331900
0.129142  0.334341
0.130201  0.335918
0.131259  0.345599
0.132318  0.330597
0.133377  0.334544
0.134435  0.334940
0.135494  0.341466
0.136552  0.334452
0.137611  0.350597
0.138669  0.344878
0.139728  0.353106
0.140786  0.354375
0.141845  0.341361
0.142903  0.345769
0.143962  0.356954
0.145020  0.352680
0.146079  0.354449
0.147137  0.356641
0.148196  0.351168
0.149255  0.360994
0.150313  0.359540
0.151372  0.366217
0.152430  0.363630
0.153489  0.362710
0.154548  0.355588
0.155606  0.363741
0.156665  0.371344
0.157723  0.364193
0.158782  0.364631
0.159840  0.378773
0.160898  0.364396
0.161957  0.360218
0.163015  0.364657
0.164074  0.369884
0.165133  0.379226
0.166191  0.376742
0.167250  0.373938
0.168308  0.383037
0.169367  0.386888
0.170426  0.376601
0.171484  0.380948
0.172543  0.391366
0.173601  0.392689
0.174660  0.402824
0.175718  0.399040
0.176777  0.391449
0.177835  0.387559
0.178894  0.409594
0.179952  0.388421
0.181011  0.398903
0.182069  0.394507
0.183128  0.400673
0.184187  0.407495
0.185245  0.407310
0.186304  0.390331
0.187362  0.393543
0.188421  0.386283
0.189479  0.396092
0.190538  0.404075
0.191596  0.400798
0.192655  0.407600
0.193713  0.410210
0.194772  0.391554
0.195830  0.410108
0.196889  0.403906
0.197947  0.413547
0.199006  0.393336
0.200065  0.432121
0.201123  0.416273
0.202182  0.398610
0.203240  0.401029
0.204299  0.420316
0.205358  0.427340
0.206416  0.429824
0.207475  0.427586
0.208533  0.422026
0.209592  0.419835
0.210650  0.411267
0.211709  0.422955
0.212767  0.399058
0.213826  0.403547
0.214884  0.396985
0.215943  0.430251
0.217001  0.426862
0.218060  0.397222
0.219118  0.398983
0.220177  0.413338
0.221236  0.418129
0.222294  0.426098
0.223353  0.424689
0.224411  0.430539
0.225470  0.433232
0.226528  0.422737
0.227587  0.425313
0.228645  0.429111
0.229704  0.423912
0.230762  0.424578
0.231821  0.422522
0.232879  0.409509
0.233938  0.399927
0.234996  0.400841
0.236055  0.412616
0.237114  0.476108
0.238172  0.428816
0.239231  0.414466
0.240289  0.401503
0.241348  0.415483
0.242407  0.418306
0.243465  0.424427
0.244523  0.410684
0.245582  0.440060
0.246640  0.440750
0.247699  0.421803
0.248757  0.397206
0.249816  0.431480
0.250875  0.409870
0.251933  0.416578
0.252992  0.439174
0.254050  0.453730
0.255109  0.455125
0.256168  0.427744
0.257226  0.457751
0.258285  0.459436
0.259343  0.443478
0.260402  0.397149
0.261460  0.443753
0.262519  0.489742
0.263577  0.460619
0.264636  0.405688
0.265694  0.445455
0.266753  0.430067
0.267811  0.450087
0.268870  0.485657
0.269928  0.453003
0.270987  0.434983
0.272046  0.479491
0.273104  0.395471
0.274163  0.475643
0.275221  0.451108
0.276280  0.468319
0.277338  0.458198
0.278397  0.454969
0.279455  0.399593
0.280514  0.432217
0.281572  0.379582
0.282631  0.401472
0.283689  0.401307
0.284748  0.450933
0.285806  0.436752
0.286865  0.399035
0.287923  0.479593
0.290654  0.466759
0.293503  0.465436
0.296353  0.464293
0.299198  0.467054
0.302048  0.464862
0.304898  0.467431
0.307748  0.470321
0.310593  0.468636
0.313443  0.468076
0.316293  0.473326
0.319143  0.471611
0.321992  0.469315
0.324838  0.470570
0.327687  0.475916
0.330537  0.474818
0.333387  0.478605
0.336232  0.482252
0.339082  0.486000
0.341932  0.498523
0.344782  0.507113
0.347632  0.508966
0.350477  0.505124
0.353327  0.495780
0.356176  0.499371
0.359026  0.487146
0.361871  0.487797
0.364721  0.483764
0.367571  0.487725
0.370421  0.482026
0.373271  0.484904
0.376116  0.482154
0.378966  0.481329
0.381816  0.481691
0.384665  0.486701
0.387510  0.486234
0.390360  0.486564
0.393210  0.489537
0.396060  0.488725
0.398910  0.489675
0.401755  0.487490
0.404605  0.485521
0.407455  0.491650
0.410305  0.487114
0.413150  0.490961
0.415999  0.490681
0.418849  0.490064
0.421699  0.492240
0.424544  0.491357
0.427394  0.494356
0.430244  0.498746
0.433094  0.493356
0.435944  0.500221
0.438789  0.496980
0.441639  0.501952
0.444488  0.504317
0.447338  0.505486
0.450183  0.523855
0.453033  0.528309
0.455883  0.546924
0.458733  0.540518
0.461583  0.535141
0.464428  0.543777
0.467278  0.534024
0.470128  0.525924
0.472977  0.526405
0.475823  0.529416
0.478672  0.516909
0.481522  0.526160
0.484372  0.534015
0.487222  0.521658
0.490067  0.510018
0.492917  0.524806
0.495767  0.515537
0.498617  0.508245
0.501462  0.505401
0.504312  0.499572
0.507161  0.516391
0.510011  0.511506
0.512856  0.512590
0.515706  0.498153
0.518556  0.502299
0.521406  0.499833
0.524256  0.501778
0.527101  0.497569
0.529951  0.502501
0.532801  0.500672
0.535650  0.497761
0.538495  0.498943
0.541345  0.504011
0.544195  0.496416
0.547045  0.497302
0.549895  0.495045
0.552740  0.502812
0.555590  0.502329
0.558440  0.502108
0.561290  0.503092
0.564135  0.500503
0.566984  0.498403
0.569834  0.500467
0.572684  0.497607
0.575534  0.498511
0.578379  0.498397
0.581229  0.502686
0.584079  0.501072
0.586929  0.500254
0.589774  0.497990
0.592624  0.501027
0.595473  0.502309
0.598323  0.495897
0.601168  0.493402
0.604018  0.489318
0.606868  0.486600
0.609718  0.487173
0.612568  0.490242
0.615413  0.492901
0.618263  0.496493
0.621113  0.499260
0.623962  0.498128
0.626808  0.494279
0.629657  0.500753
0.632507  0.499207
0.635357  0.499108
0.638207  0.497378
0.641052  0.492442
0.643902  0.497295
0.646752  0.500793
0.649602  0.493520
0.652447  0.497491
0.655297  0.498743
0.658146  0.503757
0.660996  0.499690
0.663846  0.498703
0.666691  0.491905
0.669541  0.476294
0.672391  0.483265
0.675241  0.499232
0.678086  0.484971
0.680936  0.480793
0.683786  0.483787
0.686635  0.492140
0.689485  0.498274
0.692330  0.499296
0.695180  0.479927
0.698030  0.497389
0.700880  0.487415
0.703725  0.498256
0.706575  0.490387
0.709425  0.494399
0.712275  0.483494
0.715120  0.467541
0.717969  0.470058
0.720819  0.462628
0.723669  0.462925
0.726519  0.456365
0.729364  0.467495
0.732214  0.468850
0.735064  0.466759
0.737914  0.458108
0.740759  0.465836
0.743609  0.454793
0.746458  0.472259
0.749308  0.472883
0.752158  0.478260
0.755003  0.486411
0.757853  0.490887
0.760703  0.484211
0.763553  0.487415
0.766398  0.479158
0.769248  0.495921
0.772098  0.485807
0.774947  0.490485
0.777797  0.491431
0.780642  0.494516
0.783492  0.487407
0.786342  0.481163
0.789192  0.484732
0.792037  0.490935
0.794887  0.531918
0.797737  0.482547
0.800587  0.477161
0.803432  0.475127
0.806282  0.477931
0.809131  0.473043
0.811981  0.482803
0.814831  0.474764
0.817676  0.459461
0.820526  0.446559
0.823376  0.441718
0.826226  0.433943
0.829071  0.430611
0.831921  0.434177
0.834771  0.435233
0.837620  0.435119
0.840470  0.440003
0.843315  0.448316
0.846165  0.439093
0.849015  0.436976
0.851865  0.441181
0.854710  0.450354
0.857560  0.445452
0.860410  0.447265
0.863260  0.438597
0.866109  0.439724
0.868954  0.421983
0.871804  0.414157
0.874654  0.387386
0.877504  0.360625
0.880349  0.335401
0.883199  0.307588
0.886049  0.299662
0.888899  0.295890
0.891749  0.306239
0.894594  0.321664
0.897443  0.317772
0.900293  0.315338
0.903143  0.303789
0.905988  0.295389
0.908838  0.290512
0.911688  0.297599
0.914538  0.293708
0.917383  0.299572
0.920233  0.291820
0.923083  0.283825
0.925932  0.280005
0.928782  0.286960
0.931627  0.286382
0.934477  0.289671
0.937327  0.291874
0.940177  0.289065
0.943022  0.291660
0.945872  0.283992
0.948722  0.287806
0.951572  0.294836
0.954421  0.278619
0.957267  0.282476
0.960116  0.270946
0.962966  0.275996
0.965816  0.269893
0.968661  0.260190
0.971511  0.244506
0.974361  0.227151
0.977211  0.229307
0.980061  0.233997
0.982906  0.241636
0.985756  0.251683
0.988605  0.250330
0.991455  0.254197
0.994300  0.255446
0.997150  0.262423
1.000000  0.277118
