0.000000  0.090117
0.001059  0.109851
0.002117  0.156609
0.003176  0.173047
0.004234  0.139908
0.005293  0.185712
0.006351  0.151649
0.007410  0.163964
0.008468  0.130185
0.009527  0.131829
0.010586  0.143916
0.011644  0.152994
0.012703  0.151501
0.013761  0.158395
0.014820  0.144888
0.015879  0.153454
0.016937  0.153236
0.017996  0.153475
0.019054  0.146483
0.020113  0.156728
0.021171  0.166611
0.022229  0.159328
0.023288  0.175458
0.024346  0.165362
0.025405  0.169248
0.026464  0.171739
0.027522  0.180883
0.028581  0.184740
0.029639  0.180222
0.030698  0.191505
0.031757  0.182338
0.032815  0.191868
0.033874  0.184076
0.034932  0.194273
0.035991  0.187449
0.037049  0.190549
0.038108  0.183185
0.039166  0.199772
0.040225  0.198787
0.041283  0.206084
0.042342  0.197279
0.043400  0.203307
0.044459  0.196962
0.045517  0.209696
0.046576  0.200762
0.047635  0.208875
0.048693  0.200571
0.049752  0.218931
0.050810  0.213004
0.051869  0.217462
0.052927  0.220310
0.053986  0.226369
0.055044  0.215484
0.056103  0.239987
0.057161  0.224945
0.058220  0.240886
0.059278  0.233610
0.060337  0.238664
0.061396  0.241595
0.062454  0.249431
0.063513  0.246899
0.064571  0.247948
0.065630  0.252384
0.066688  0.256773
0.067747  0.249145
0.068806  0.257360
0.069864  0.271241
0.070923  0.264619
0.071981  0.261924
0.073040  0.282601
0.074098  0.275325
0.075157  0.277336
0.076215  0.271541
0.077274  0.284922
0.078332  0.267301
0.079391  0.281741
0.080449  0.280306
0.081508  0.290247
0.082567  0.287878
0.083625  0.302511
0.084684  0.296304
0.085742  0.300054
0.086801  0.293483
0.087859  0.297967
0.088918  0.298325
0.089976  0.307075
0.091035  0.300003
0.092093  0.316051
0.093152  0.312557
0.094210  0.325293
0.095269  0.319827
0.096327  0.321810
0.097386  0.317173
0.098445  0.324221
0.099503  0.317418
0.100562  0.321558
0.101620  0.317716
0.102679  0.335719
0.103738  0.331465
0.104796  0.320441
0.105854  0.316497
0.106913  0.343377
0.107971  0.321734
0.109030  0.328834
0.110088  0.338330
0.111147  0.340805
0.112205  0.330835
0.113264  0.328357
0.114323  0.332805
0.115381  0.351104
0.116440  0.329491
0.117498  0.338334
0.118557  0.345421
0.119616  0.337894
0.120674  0.338046
0.121733  0.356361
0.122791  0.330150
0.123850  0.341537
0.124908  0.339994
0.125967  0.348944
0.127025  0.350710
0.128084  0.348981
0.129142  0.347825
0.130201  0.353791
0.131259  0.352584
0.132318  0.360356
0.133377  0.343859
0.134435  0.363353
0.135494  0.369843
0.136552  0.378999
0.137611  0.372180
0.138669  0.370589
0.139728  0.351219
0.140786  0.375526
0.141845  0.366058
0.142903  0.368369
0.143962  0.364871
0.145020  0.372400
0.146079  0.356705
0.147137  0.370139
0.148196  0.361016
0.149255  0.372565
0.150313  0.370432
0.151372  0.367451
0.152430  0.388681
0.153489  0.372833
0.154548  0.374129
0.155606  0.375969
0.156665  0.381906
0.157723  0.383578
0.158782  0.371468
0.159840  0.394012
0.160898  0.377213
0.161957  0.378534
0.163015  0.380511
0.164074  0.375482
0.165133  0.389177
0.166191  0.391527
0.167250  0.387973
0.168308  0.387058
0.169367  0.388255
0.170426  0.391620
0.171484  0.403841
0.172543  0.397487
0.173601  0.368101
0.174660  0.406537
0.175718  0.386198
0.176777  0.394883
0.177835  0.386713
0.178894  0.403902
0.179952  0.397370
0.181011  0.408469
0.182069  0.399682
0.183128  0.409500
0.184187  0.405686
0.185245  0.411229
0.186304  0.409133
0.187362  0.415364
0.188421  0.411975
0.189479  0.414515
0.190538  0.423563
0.191596  0.418692
0.192655  0.404958
0.193713  0.412252
0.194772  0.408605
0.195830  0.420903
0.196889  0.422112
0.197947  0.420862
0.199006  0.411057
0.200065  0.413385
0.201123  0.423217
0.202182  0.423523
0.203240  0.410380
0.204299  0.407829
0.205358  0.403417
0.206416  0.418009
0.207475  0.409365
0.208533  0.429448
0.209592  0.419764
0.210650  0.416647
0.211709  0.420307
0.212767  0.428439
0.213826  0.425727
0.214884  0.442739
0.215943  0.419881
0.217001  0.410363
0.218060  0.435569
0.219118  0.429528
0.220177  0.414426
0.221236  0.427005
0.222294  0.444310
0.223353  0.415720
0.224411  0.422716
0.225470  0.412774
0.226528  0.433095
0.227587  0.426742
0.228645  0.420247
0.229704  0.421955
0.230762  0.418317
0.231821  0.426630
0.232879  0.404789
0.233938  0.442329
0.234996  0.444848
0.236055  0.447698
0.237114  0.421887
0.238172  0.434749
0.239231  0.421109
0.240289  0.439984
0.241348  0.414856
0.242407  0.418845
0.243465  0.430690
0.244523  0.410675
0.245582  0.430907
0.246640  0.399488
0.247699  0.459841
0.248757  0.407544
0.249816  0.423492
0.250875  0.414125
0.251933  0.433926
0.252992  0.471296
0.254050  0.442604
0.255109  0.474985
0.256168  0.418999
0.257226  0.511468
0.258285  0.458892
0.259343  0.422467
0.260402  0.442797
0.261460  0.446233
0.262519  0.421449
0.263577  0.490909
0.264636  0.448235
0.265694  0.495328
0.266753  0.402113
0.267811  0.471276
0.268870  0.431995
0.269928  0.431870
0.270987  0.484746
0.272046  0.403068
0.273104  0.488413
0.274163  0.467785
0.275221  0.417433
0.276280  0.413509
0.277338  0.472739
0.278397  0.452558
0.279455  0.433296
0.280514  0.431227
0.281572  0.413506
0.282631  0.423098
0.283689  0.470556
0.284748  0.421930
0.285806  0.427080
0.286865  0.452117
0.287923  0.472504
0.290654  0.456965
0.293503  0.458392
0.296353  0.456431
0.299198  0.460058
0.302048  0.461757
0.304898  0.458039
0.307748  0.460883
0.310593  0.464762
0.313443  0.462998
0.316293  0.463779
0.319143  0.464070
0.321992  0.463443
0.324838  0.464131
0.327687  0.463669
0.330537  0.468384
0.333387  0.468583
0.336232  0.473208
0.339082  0.475047
0.341932  0.483455
0.344782  0.498053
0.347632  0.490918
0.350477  0.490872
0.353327  0.480741
0.356176  0.488595
0.359026  0.477575
0.361871  0.480320
0.364721  0.475593
0.367571  0.476200
0.370421  0.471213
0.373271  0.476384
0.376116  0.476928
0.378966  0.473290
0.381816  0.479528
0.384665  0.476448
0.387510  0.481015
0.390360  0.477633
0.393210  0.476168
0.396060  0.481152
0.398910  0.481084
0.401755  0.480463
0.404605  0.477342
0.407455  0.482627
0.410305  0.484123
0.413150  0.477181
0.415999  0.488206
0.418849  0.481435
0.421699  0.483009
0.424544  0.481743
0.427394  0.486915
0.430244  0.484295
0.433094  0.485664
0.435944  0.486016
0.438789  0.489657
0.441639  0.493330
0.444488  0.500066
0.447338  0.505170
0.450183  0.499284
0.453033  0.515632
0.455883  0.515046
0.458733  0.511417
0.461583  0.527054
0.464428  0.536299
0.467278  0.498826
0.470128  0.514315
0.472977  0.518884
0.475823  0.509651
0.478672  0.506691
0.481522  0.516653
0.484372  0.500333
0.487222  0.500708
0.490067  0.510021
0.492917  0.497283
0.495767  0.494313
0.498617  0.488490
0.501462  0.500150
0.504312  0.494163
0.507161  0.496138
0.510011  0.495673
0.512856  0.492124
0.515706  0.496242
0.518556  0.482418
0.521406  0.494793
0.524256  0.500155
0.527101  0.493021
0.529951  0.495366
0.532801  0.497355
0.535650  0.486968
0.538495  0.489767
0.541345  0.490536
0.544195  0.491416
0.547045  0.491267
0.549895  0.490252
0.552740  0.494424
0.555590  0.490421
0.558440  0.488731
0.561290  0.492854
0.564135  0.492675
0.566984  0.494829
0.569834  0.495505
0.572684  0.492454
0.575534  0.491961
0.578379  0.492009
0.581229  0.493861
0.584079  0.494617
0.586929  0.491359
0.589774  0.490555
0.592624  0.491221
0.595473  0.493104
0.598323  0.489580
0.601168  0.482254
0.604018  0.475439
0.606868  0.473821
0.609718  0.481706
0.612568  0.484446
0.615413  0.481043
0.618263  0.486947
0.621113  0.489778
0.623962  0.487413
0.626808  0.491858
0.629657  0.490685
0.632507  0.493031
0.635357  0.487691
0.638207  0.487168
0.641052  0.487042
0.643902  0.488982
0.646752  0.489888
0.649602  0.492250
0.652447  0.490885
0.655297  0.489432
0.658146  0.487665
0.660996  0.489778
0.663846  0.486055
0.666691  0.482445
0.669541  0.498585
0.672391  0.463631
0.675241  0.463503
0.678086  0.464969
0.680936  0.463032
0.683786  0.473138
0.686635  0.466119
0.689485  0.469786
0.692330  0.483912
0.695180  0.465600
0.698030  0.471131
0.700880  0.468737
0.703725  0.473046
0.706575  0.468258
0.709425  0.460158
0.712275  0.471992
0.715120  0.462572
0.717969  0.456284
0.720819  0.440090
0.723669  0.457437
0.726519  0.456168
0.729364  0.458868
0.732214  0.448532
0.735064  0.445244
0.737914  0.450235
0.740759  0.442735
0.743609  0.454526
0.746458  0.456155
0.749308  0.467957
0.752158  0.467770
0.755003  0.468554
0.757853  0.473121
0.760703  0.474306
0.763553  0.473992
0.766398  0.474104
0.769248  0.479155
0.772098  0.479825
0.774947  0.492584
0.777797  0.483235
0.780642  0.487220
0.783492  0.487316
0.786342  0.482376
0.789192  0.478297
0.792037  0.486566
0.794887  0.474678
0.797737  0.468360
0.800587  0.477697
0.803432  0.473396
0.806282  0.475299
0.809131  0.465809
0.811981  0.469505
0.814831  0.456594
0.817676  0.456728
0.820526  0.440150
0.823376  0.436423
0.826226  0.427247
0.829071  0.425314
0.831921  0.432803
0.834771  0.431332
0.837620  0.427963
0.840470  0.433533
0.843315  0.073561
0.846165  0.437820
0.849015  0.434276
0.851865  0.430014
0.854710  0.435318
0.857560  0.439139
0.860410  0.435938
0.863260  0.427524
0.866109  0.424405
0.868954  0.408964
0.871804  0.395996
0.874654  0.371974
0.877504  0.353927
0.880349  0.334190
0.883199  0.307418
0.886049  0.295927
0.888899  0.293655
0.891749  0.297715
0.894594  0.311411
0.897443  0.312314
0.900293  0.309532
0.903143  0.299748
0.905988  0.288131
0.908838  0.292965
0.911688  0.287803
0.914538  0.296779
0.917383  0.290967
0.920233  0.286799
0.923083  0.287024
0.925932  0.278150
0.928782  0.281777
0.931627  0.284102
0.934477  0.280942
0.937327  0.287368
0.940177  0.280751
0.943022  0.278781
0.945872  0.274342
0.948722  0.269597
0.951572  0.275347
0.954421  0.268732
0.957267  0.276477
0.960116  0.256849
0.962966  0.260652
0.965816  0.253370
0.968661  0.258898
0.971511  0.233014
0.974361  0.217215
0.977211  0.214800
0.980061  0.222170
0.982906  0.244096
0.985756  0.247079
0.988605  0.230548
0.991455  0.244174
0.994300  0.260050
0.997150  0.260360
1.000000  0.259480
