0.000000  0.128004
0.001059  0.154388
0.002117  0.181156
0.003176  0.175823
0.004234  0.180674
0.005293  0.166223
0.006351  0.159609
0.007410  0.141318
0.008468  0.178139
0.009527  0.157329
0.010586  0.150466
0.011644  0.147510
0.012703  0.147811
0.013761  0.146369
0.014820  0.147613
0.015879  0.157241
0.016937  0.152976
0.017996  0.162934
0.019054  0.160370
0.020113  0.166459
0.021171  0.167712
0.022229  0.171856
0.023288  0.167457
0.024346  0.171963
0.025405  0.176272
0.026464  0.171310
0.027522  0.170642
0.028581  0.182403
0.029639  0.180223
0.030698  0.176539
0.031757  0.180305
0.032815  0.188179
0.033874  0.191901
0.034932  0.194365
0.035991  0.187849
0.037049  0.193037
0.038108  0.197274
0.039166  0.201365
0.040225  0.194135
0.041283  0.200098
0.042342  0.199205
0.043400  0.200233
0.044459  0.194480
0.045517  0.208445
0.046576  0.197728
0.047635  0.207777
0.048693  0.211090
0.049752  0.217394
0.050810  0.211079
0.051869  0.214071
0.052927  0.215758
0.053986  0.228052
0.055044  0.212879
0.056103  0.242524
0.057161  0.221860
0.058220  0.228142
0.059278  0.225968
0.060337  0.243960
0.061396  0.243332
0.062454  0.242122
0.063513  0.246062
0.064571  0.248467
0.065630  0.239354
0.066688  0.248563
0.067747  0.248474
0.068806  0.263779
0.069864  0.244998
0.070923  0.274751
0.071981  0.267460
0.073040  0.270262
0.074098  0.265542
0.075157  0.278573
0.076215  0.259022
0.077274  0.273794
0.078332  0.282303
0.079391  0.286669
0.080449  0.280788
0.081508  0.284095
0.082567  0.284164
0.083625  0.288019
0.084684  0.289393
0.085742  0.304852
0.086801  0.293996
0.087859  0.306371
0.088918  0.305047
0.089976  0.296765
0.091035  0.300431
0.092093  0.307904
0.093152  0.295066
0.094210  0.313131
0.095269  0.310944
0.096327  0.312316
0.097386  0.297756
0.098445  0.306640
0.099503  0.333362
0.100562  0.318759
0.101620  0.312055
0.102679  0.311394
0.103738  0.320622
0.104796  0.314192
0.105854  0.329290
0.106913  0.321500
0.107971  0.323922
0.109030  0.328382
0.110088  0.331347
0.111147  0.333800
0.112205  0.326221
0.113264  0.341048
0.114323  0.326174
0.115381  0.339470
0.116440  0.326057
0.117498  0.335589
0.118557  0.342026
0.119616  0.345249
0.120674  0.331675
0.121733  0.337629
0.122791  0.343787
0.123850  0.336648
0.124908  0.348299
0.125967  0.339596
0.127025  0.335502
0.128084  0.354667
0.129142  0.341013
0.130201  0.348306
0.131259  0.352553
0.132318  0.358003
0.133377  0.332251
0.134435  0.348378
0.135494  0.352387
0.136552  0.350573
0.137611  0.355040
0.138669  0.359249
0.139728  0.354422
0.140786  0.364912
0.141845  0.355265
0.142903  0.358644
0.143962  0.365757
0.145020  0.372337
0.146079  0.366512
0.147137  0.363209
0.148196  0.356384
0.149255  0.372376
0.150313  0.374919
0.151372  0.379195
0.152430  0.378912
0.153489  0.376744
0.154548  0.371244
0.155606  0.379525
0.156665  0.366838
0.157723  0.397456
0.158782  0.382629
0.159840  0.384415
0.160898  0.384019
0.161957  0.378946
0.163015  0.378975
0.164074  0.388967
0.165133  0.394919
0.166191  0.374196
0.167250  0.389066
0.168308  0.388032
0.169367  0.385362
0.170426  0.403241
0.171484  0.393699
0.172543  0.391155
0.173601  0.385196
0.174660  0.403305
0.175718  0.395019
0.176777  0.413569
0.177835  0.400937
0.178894  0.391660
0.179952  0.400180
0.181011  0.404208
0.182069  0.411591
0.183128  0.406096
0.184187  0.405247
0.185245  0.410768
0.186304  0.388313
0.187362  0.415255
0.188421  0.423071
0.189479  0.431514
0.190538  0.425151
0.191596  0.403634
0.192655  0.425540
0.193713  0.424386
0.194772  0.421104
0.195830  0.407756
0.196889  0.420343
0.197947  0.423902
0.199006  0.414529
0.200065  0.399840
0.201123  0.422980
0.202182  0.410184
0.203240  0.425089
0.204299  0.412583
0.205358  0.444557
0.206416  0.415978
0.207475  0.429729
0.208533  0.433029
0.209592  0.422141
0.210650  0.424166
0.211709  0.432832
0.212767  0.414367
0.213826  0.439636
0.214884  0.424492
0.215943  0.428977
0.217001  0.428830
0.218060  0.426677
0.219118  0.441204
0.220177  0.415063
0.221236  0.436181
0.222294  0.439458
0.223353  0.424448
0.224411  0.424686
0.225470  0.429222
0.226528  0.446842
0.227587  0.431192
0.228645  0.449621
0.229704  0.423479
0.230762  0.429277
0.231821  0.430336
0.232879  0.446990
0.233938  0.420940
0.234996  0.443582
0.236055  0.418557
0.237114  0.415864
0.238172  0.419082
0.239231  0.440778
0.240289  0.418608
0.241348  0.400044
0.242407  0.407610
0.243465  0.421081
0.244523  0.432855
0.245582  0.406885
0.246640  0.416890
0.247699  0.456005
0.248757  0.442074
0.249816  0.453771
0.250875  0.427633
0.251933  0.413274
0.252992  0.435214
0.254050  0.438289
0.255109  0.464247
0.256168  0.450618
0.257226  0.462084
0.258285  0.411865
0.259343  0.462354
0.260402  0.479129
0.261460  0.473584
0.262519  0.409045
0.263577  0.385764
0.264636  0.442471
0.265694  0.391979
0.266753  0.452208
0.267811  0.418446
0.268870  0.454689
0.269928  0.445944
0.270987  0.453536
0.272046  0.437825
0.273104  0.432941
0.274163  0.433404
0.275221  0.476211
0.276280  0.398693
0.277338  0.454513
0.278397  0.435071
0.279455  0.417300
0.280514  0.425674
0.281572  0.440098
0.282631  0.418207
0.283689  0.424848
0.284748  0.443293
0.285806  0.383165
0.286865  0.438621
0.287923  0.405047
0.290654  0.474104
0.293503  0.475095
0.296353  0.472539
0.299198  0.473772
0.302048  0.476513
0.304898  0.475855
0.307748  0.474445
0.310593  0.478829
0.313443  0.480358
0.316293  0.483637
0.319143  0.480346
0.321992  0.477140
0.324838  0.480343
0.327687  0.478196
0.330537  0.477951
0.333387  0.480958
0.336232  0.493977
0.339082  0.495580
0.341932  0.495682
0.344782  0.511920
0.347632  0.520404
0.350477  0.506176
0.353327  0.511380
0.356176  0.507156
0.359026  0.499106
0.361871  0.489031
0.364721  0.492423
0.367571  0.492665
0.370421  0.489402
0.373271  0.488080
0.376116  0.489289
0.378966  0.488211
0.381816  0.490038
0.384665  0.491832
0.387510  0.491161
0.390360  0.491736
0.393210  0.491177
0.396060  0.491420
0.398910  0.494846
0.401755  0.496991
0.404605  0.494546
0.407455  0.496392
0.410305  0.494453
0.413150  0.495950
0.415999  0.496207
0.418849  0.496288
0.421699  0.496878
0.424544  0.498005
0.427394  0.497055
0.430244  0.503023
0.433094  0.499042
0.435944  0.499606
0.438789  0.503172
0.441639  0.506292
0.444488  0.507222
0.447338  0.511522
0.450183  0.516532
0.453033  0.529586
0.455883  0.535251
0.458733  0.537044
0.461583  0.532612
0.464428  0.542329
0.467278  0.540934
0.470128  0.544883
0.472977  0.537571
0.475823  0.541230
0.478672  0.534828
0.481522  0.531160
0.484372  0.522252
0.487222  0.518467
0.490067  0.526699
0.492917  0.525856
0.495767  0.516733
0.498617  0.525056
0.501462  0.521570
0.504312  0.520514
0.507161  0.517023
0.510011  0.519396
0.512856  0.514871
0.515706  0.509502
0.518556  0.501432
0.521406  0.509473
0.524256  0.509511
0.527101  0.511328
0.529951  0.498037
0.532801  0.505834
0.535650  0.502293
0.538495  0.501674
0.541345  0.502076
0.544195  0.506363
0.547045  0.498307
0.549895  0.499440
0.552740  0.505037
0.555590  0.504371
0.558440  0.503776
0.561290  0.503422
0.564135  0.503961
0.566984  0.507906
0.569834  0.500283
0.572684  0.504476
0.575534  0.505728
0.578379  0.505118
0.581229  0.506355
0.584079  0.507658
0.586929  0.507924
0.589774  0.504829
0.592624  0.502356
0.595473  0.503268
0.598323  0.502282
0.601168  0.500637
0.604018  0.493823
0.606868  0.486946
0.609718  0.488886
0.612568  0.496452
0.615413  0.490983
0.618263  0.496442
0.621113  0.498246
0.623962  0.499719
0.626808  0.505011
0.629657  0.499136
0.632507  0.499555
0.635357  0.500121
0.638207  0.501516
0.641052  0.501350
0.643902  0.500953
0.646752  0.500338
0.649602  0.504556
0.652447  0.503002
0.655297  0.502734
0.658146  0.506842
0.660996  0.501185
0.663846  0.501073
0.666691  0.496523
0.669541  0.498828
0.672391  0.501904
0.675241  0.480849
0.678086  0.492024
0.680936  0.487126
0.683786  0.495975
0.686635  0.504001
0.689485  0.489653
0.692330  0.490236
0.695180  0.507405
0.698030  0.502324
0.700880  0.503568
0.703725  0.505690
0.706575  0.495177
0.709425  0.486210
0.712275  0.488126
0.715120  0.488308
0.717969  0.461310
0.720819  0.486866
0.723669  0.465112
0.726519  0.477257
0.729364  0.467760
0.732214  0.475057
0.735064  0.483576
0.737914  0.464573
0.740759  0.469572
0.743609  0.456159
0.746458  0.469065
0.749308  0.483072
0.752158  0.484141
0.755003  0.481800
0.757853  0.490566
0.760703  0.485762
0.763553  0.485402
0.766398  0.492265
0.769248  0.487535
0.772098  0.491635
0.774947  0.493846
0.777797  0.500299
0.780642  0.496347
0.783492  0.492060
0.786342  0.491203
0.789192  0.496363
0.792037  0.484517
0.794887  0.490815
0.797737  0.491023
0.800587  0.487030
0.803432  0.482735
0.806282  0.485904
0.809131  0.481778
0.811981  0.485556
0.814831  0.481045
0.817676  0.469278
0.820526  0.457814
0.823376  0.448079
0.826226  0.441240
0.829071  0.440641
0.831921  0.445471
0.834771  0.446225
0.837620  0.444870
0.840470  0.447579
0.843315  0.458785
0.846165  0.460091
0.849015  0.452842
0.851865  0.451526
0.854710  0.448445
0.857560  0.450960
0.860410  0.455966
0.863260  0.459168
0.866109  0.450788
0.868954  0.432467
0.871804  0.411427
0.874654  0.392707
0.877504  0.364973
0.880349  0.342915
0.883199  0.318991
0.886049  0.304019
0.888899  0.304376
0.891749  0.316227
0.894594  0.320596
0.897443  0.322868
0.900293  0.321069
0.903143  0.305084
0.905988  0.298132
0.908838  0.299432
0.911688  0.301490
0.914538  0.309143
0.917383  0.300417
0.920233  0.301521
0.923083  0.306451
0.925932  0.286285
0.928782  0.289397
0.931627  0.297333
0.934477  0.294910
0.937327  0.301585
0.940177  0.295979
0.943022  0.304331
0.945872  0.289797
0.948722  0.287449
0.951572  0.285945
0.954421  0.284793
0.957267  0.290936
0.960116  0.285512
0.962966  0.276258
0.965816  0.267844
0.968661  0.269680
0.971511  0.243328
0.974361  0.233017
0.977211  0.240288
0.980061  0.228866
0.982906  0.238879
0.985756  0.253021
0.988605  0.261587
0.991455  0.262194
0.994300  0.279546
0.997150  0.268048
1.000000  0.277991
