0.000000  0.138960
0.001059  0.135830
0.002117  0.132478
0.003176  0.174480
0.004234  0.123410
0.005293  0.173127
0.006351  0.140411
0.007410  0.130395
0.008468  0.132815
0.009527  0.160155
0.010586  0.141204
0.011644  0.163563
0.012703  0.161972
0.013761  0.150215
0.014820  0.150134
0.015879  0.166031
0.016937  0.138948
0.017996  0.158131
0.019054  0.160530
0.020113  0.156257
0.021171  0.163957
0.022229  0.175587
0.023288  0.168604
0.024346  0.172061
0.025405  0.173214
0.026464  0.177096
0.027522  0.184190
0.028581  0.187387
0.029639  0.184253
0.030698  0.188770
0.031757  0.188294
0.032815  0.190084
0.033874  0.185625
0.034932  0.195181
0.035991  0.186122
0.037049  0.198031
0.038108  0.187532
0.039166  0.190659
0.040225  0.198306
0.041283  0.205708
0.042342  0.207103
0.043400  0.209032
0.044459  0.202812
0.045517  0.203236
0.046576  0.206199
0.047635  0.217206
0.048693  0.213915
0.049752  0.223651
0.050810  0.210922
0.051869  0.219560
0.052927  0.223848
0.053986  0.229529
0.055044  0.225644
0.056103  0.230505
0.057161  0.227436
0.058220  0.236225
0.059278  0.234136
0.060337  0.237186
0.061396  0.233647
0.062454  0.243844
0.063513  0.245099
0.064571  0.251320
0.065630  0.255456
0.066688  0.263609
0.067747  0.253512
0.068806  0.259304
0.069864  0.253784
0.070923  0.261161
0.071981  0.269472
0.073040  0.270876
0.074098  0.262057
0.075157  0.270811
0.076215  0.267030
0.077274  0.280781
0.078332  0.295799
0.079391  0.284561
0.080449  0.287751
0.081508  0.285790
0.082567  0.295110
0.083625  0.291391
0.084684  0.307145
0.085742  0.305129
0.086801  0.300389
0.087859  0.306556
0.088918  0.307697
0.089976  0.311633
0.091035  0.299398
0.092093  0.313652
0.093152  0.305866
0.094210  0.320497
0.095269  0.328747
0.096327  0.316746
0.097386  0.324161
0.098445  0.319671
0.099503  0.327837
0.100562  0.313991
0.101620  0.325676
0.102679  0.330065
0.103738  0.328418
0.104796  0.330271
0.105854  0.336586
0.106913  0.324667
0.107971  0.331532
0.109030  0.330278
0.110088  0.332441
0.111147  0.332167
0.112205  0.338068
0.113264  0.339718
0.114323  0.341654
0.115381  0.335399
0.116440  0.341473
0.117498  0.343351
0.118557  0.339072
0.119616  0.341751
0.120674  0.348466
0.121733  0.335201
0.122791  0.361944
0.123850  0.344114
0.124908  0.353134
0.125967  0.342905
0.127025  0.358262
0.128084  0.351036
0.129142  0.354661
0.130201  0.356797
0.131259  0.372446
0.132318  0.352718
0.133377  0.360030
0.134435  0.369729
0.135494  0.358891
0.136552  0.356632
0.137611  0.359715
0.138669  0.363230
0.139728  0.370579
0.140786  0.361881
0.141845  0.365770
0.142903  0.376736
0.143962  0.368666
0.145020  0.373332
0.146079  0.363775
0.147137  0.371165
0.148196  0.362185
0.149255  0.368915
0.150313  0.367878
0.151372  0.385500
0.152430  0.366012
0.153489  0.386621
0.154548  0.377534
0.155606  0.382526
0.156665  0.386760
0.157723  0.378163
0.158782  0.368247
0.159840  0.398733
0.160898  0.386354
0.161957  0.379944
0.163015  0.386110
0.164074  0.402344
0.165133  0.406995
0.166191  0.383428
0.167250  0.392149
0.168308  0.393355
0.169367  0.390291
0.170426  0.399889
0.171484  0.401424
0.172543  0.396042
0.173601  0.405092
0.174660  0.411956
0.175718  0.403800
0.176777  0.396984
0.177835  0.402127
0.178894  0.405198
0.179952  0.403741
0.181011  0.395322
0.182069  0.400030
0.183128  0.408490
0.184187  0.405851
0.185245  0.409705
0.186304  0.419795
0.187362  0.414656
0.188421  0.419619
0.189479  0.416896
0.190538  0.413073
0.191596  0.414860
0.192655  0.410225
0.193713  0.408626
0.194772  0.405658
0.195830  0.397387
0.196889  0.419141
0.197947  0.408970
0.199006  0.420905
0.200065  0.439352
0.201123  0.418307
0.202182  0.428375
0.203240  0.434770
0.204299  0.434949
0.205358  0.415957
0.206416  0.431561
0.207475  0.404595
0.208533  0.413997
0.209592  0.405011
0.210650  0.426236
0.211709  0.414097
0.212767  0.426156
0.213826  0.435460
0.214884  0.434723
0.215943  0.413938
0.217001  0.411609
0.218060  0.413632
0.219118  0.418168
0.220177  0.427697
0.221236  0.436870
0.222294  0.404700
0.223353  0.407809
0.224411  0.430671
0.225470  0.413577
0.226528  0.418335
0.227587  0.410250
0.228645  0.433968
0.229704  0.428602
0.230762  0.439844
0.231821  0.446370
0.232879  0.436257
0.233938  0.406843
0.234996  0.437872
0.236055  0.430912
0.237114  0.437957
0.238172  0.427481
0.239231  0.419892
0.240289  0.409277
0.241348  0.395307
0.242407  0.418431
0.243465  0.443504
0.244523  0.408596
0.245582  0.390077
0.246640  0.428313
0.247699  0.408659
0.248757  0.444520
0.249816  0.441772
0.250875  0.420443
0.251933  0.415009
0.252992  0.407673
0.254050  0.444804
0.255109  0.401875
0.256168  0.434132
0.257226  0.448539
0.258285  0.343517
0.259343  0.438054
0.260402  0.403783
0.261460  0.444607
0.262519  0.394323
0.263577  0.461226
0.264636  0.398738
0.265694  0.418655
0.266753  0.411715
0.267811  0.456857
0.268870  0.425662
0.269928  0.421898
0.270987  0.456833
0.272046  0.402679
0.273104  0.470709
0.274163  0.443578
0.275221  0.490541
0.276280  0.416314
0.277338  0.467399
0.278397  0.441334
0.279455  0.413244
0.280514  0.437245
0.281572  0.421572
0.282631  0.416629
0.283689  0.467326
0.284748  0.472501
0.285806  0.415892
0.286865  0.423893
0.287923  0.426728
0.290654  0.474330
0.293503  0.475540
0.296353  0.474224
0.299198  0.478806
0.302048  0.476657
0.304898  0.478412
0.307748  0.476474
0.310593  0.480678
0.313443  0.479950
0.316293  0.482215
0.319143  0.483511
0.321992  0.480157
0.324838  0.483852
0.327687  0.486389
0.330537  0.486990
0.333387  0.491634
0.336232  0.496689
0.339082  0.493713
0.341932  0.513595
0.344782  0.515850
0.347632  0.514332
0.350477  0.498355
0.353327  0.505561
0.356176  0.509422
0.359026  0.499084
0.361871  0.494809
0.364721  0.489642
0.367571  0.486052
0.370421  0.494414
0.373271  0.491095
0.376116  0.490580
0.378966  0.492730
0.381816  0.494392
0.384665  0.493593
0.387510  0.495866
0.390360  0.500192
0.393210  0.496029
0.396060  0.500278
0.398910  0.498606
0.401755  0.500575
0.404605  0.501998
0.407455  0.501040
0.410305  0.497087
0.413150  0.497027
0.415999  0.493967
0.418849  0.498465
0.421699  0.502202
0.424544  0.504423
0.427394  0.505289
0.430244  0.510194
0.433094  0.502994
0.435944  0.503735
0.438789  0.513140
0.441639  0.510338
0.444488  0.515535
0.447338  0.513140
0.450183  0.515562
0.453033  0.528557
0.455883  0.526118
0.458733  0.539163
0.461583  0.529008
0.464428  0.536675
0.467278  0.520796
0.470128  0.514824
0.472977  0.517804
0.475823  0.534121
0.478672  0.522352
0.481522  0.521574
0.484372  0.538661
0.487222  0.522292
0.490067  0.520965
0.492917  0.524647
0.495767  0.514481
0.498617  0.509540
0.501462  0.516028
0.504312  0.508569
0.507161  0.517512
0.510011  0.506960
0.512856  0.521669
0.515706  0.513490
0.518556  0.507773
0.521406  0.511123
0.524256  0.503611
0.527101  0.504365
0.529951  0.505272
0.532801  0.505317
0.535650  0.507993
0.538495  0.509748
0.541345  0.511438
0.544195  0.508088
0.547045  0.507819
0.549895  0.507678
0.552740  0.510146
0.555590  0.511125
0.558440  0.509652
0.561290  0.512342
0.564135  0.508369
0.566984  0.509230
0.569834  0.512103
0.572684  0.509438
0.575534  0.511332
0.578379  0.513590
0.581229  0.510687
0.584079  0.512208
0.586929  0.510162
0.589774  0.508623
0.592624  0.509911
0.595473  0.506919
0.598323  0.506146
0.601168  0.506338
0.604018  0.493246
0.606868  0.496070
0.609718  0.499392
0.612568  0.496746
0.615413  0.503088
0.618263  0.504794
0.621113  0.506783
0.623962  0.507164
0.626808  0.511196
0.629657  0.512104
0.632507  0.507533
0.635357  0.504357
0.638207  0.505777
0.641052  0.000000
0.643902  0.506879
0.646752  0.507700
0.649602  0.511591
0.652447  0.517675
0.655297  0.509038
0.658146  0.503417
0.660996  0.495549
0.663846  0.503088
0.666691  0.492136
0.669541  0.493046
0.672391  0.473212
0.675241  0.483423
0.678086  0.474305
0.680936  0.468232
0.683786  0.468003
0.686635  0.493888
0.689485  0.502077
0.692330  0.485834
0.695180  0.490089
0.698030  0.491692
0.700880  0.483187
0.703725  0.483647
0.706575  0.480621
0.709425  0.472199
0.712275  0.472664
0.715120  0.468866
0.717969  0.454088
0.720819  0.463888
0.723669  0.466296
0.726519  0.459443
0.729364  0.454061
0.732214  0.470800
0.735064  0.468362
0.737914  0.467955
0.740759  0.450309
0.743609  0.465719
0.746458  0.468225
0.749308  0.480406
0.752158  0.496232
0.755003  0.491154
0.757853  0.497460
0.760703  0.493787
0.763553  0.498103
0.766398  0.481569
0.769248  0.483266
0.772098  0.499069
0.774947  0.496733
0.777797  0.496095
0.780642  0.501517
0.783492  0.498204
0.786342  0.495128
0.789192  0.493583
0.792037  0.494588
0.794887  0.491683
0.797737  0.494416
0.800587  0.486937
0.803432  0.490991
0.806282  0.486932
0.809131  0.487018
0.811981  0.492386
0.814831  0.485981
0.817676  0.474891
0.820526  0.464579
0.823376  0.454657
0.826226  0.441951
0.829071  0.442825
0.831921  0.446745
0.834771  0.448526
0.837620  0.449080
0.840470  0.456906
0.843315  0.457444
0.846165  0.454542
0.849015  0.449052
0.851865  0.446682
0.854710  0.447813
0.857560  0.450979
0.860410  0.450649
0.863260  0.454305
0.866109  0.448810
0.868954  0.426938
0.871804  0.413642
0.874654  0.387525
0.877504  0.362574
0.880349  0.334665
0.883199  0.317519
0.886049  0.303817
0.888899  0.297729
0.891749  0.310294
0.894594  0.320294
0.897443  0.331530
0.900293  0.310888
0.903143  0.307811
0.905988  0.301587
0.908838  0.298835
0.911688  0.300819
0.914538  0.302747
0.917383  0.301689
0.920233  0.293669
0.923083  0.293740
0.925932  0.285161
0.928782  0.295259
0.931627  0.293507
0.934477  0.295607
0.937327  0.295643
0.940177  0.289591
0.943022  0.296209
0.945872  0.290359
0.948722  0.280703
0.951572  0.293299
0.954421  0.281397
0.957267  0.287397
0.960116  0.275152
0.962966  0.277300
0.965816  0.274332
0.968661  0.266766
0.971511  0.244693
0.974361  0.232031
0.977211  0.228297
0.980061  0.227764
0.982906  0.239755
0.985756  0.256679
0.988605  0.260295
0.991455  0.269288
0.994300  0.260264
0.997150  0.282296
1.000000  0.265809
